99
101
114
140
150
152
257
283
284
292
293
315
354
363
411
417
422
423
425
438
452
471
479
480
506
529
532
541
552
557
569
572
576
579
584
593
601
608
631
635
655
667
668
675
699
704
708
726
730
733
737
742
750
756
769
777
784
787
788
792
796
797
799
822
830
838
842
847
873
877
894
914
915
917
932
937
946
955
958
963
969
973
984
985
986
990
992
995
1003
1006
1009
1015
1020
1023
1033
1042
1044
1049
1050
1063
1065
1072
1087
1089
1101
1104
1105
1106
1108
1119
1123
1124
1127
1128
1132
1133
1142
1147
1148
1160
1164
1171
1174
1180
1183
1188
1196
1197
1205
1207
1217
1222
1223
1224
1228
1232
1235
1239
1242
1251
1268
1269
1275
1277
1278
1279
1287
1288
1289
1297
1299
1301
1302
1303
1305
1306
1308
1309
1310
1315
1318
1321
1323
1324
1325
1335
1336
1337
1338
1340
1341
1342
1343
1344
1352
1355
1359
1363
1365
1375
1378
1384
1385
1386
1388
1389
1390
1391
1392
1397
1400
1401
1402
1403
1405
1407
1408
1409
1410
1413
1414
1416
1417
1423
1424
1426
1432
1433
1435
1437
1440
1443
1446
1454
1456
1459
1463
1471
1473
1474
1477
1478
1480
1482
1485
1488
1490
1500
1506
1507
1508
1512
1513
1522
1523
1524
1525
1528
1530
1538
1539
1542
1545
1550
1552
1554
1557
1559
1564
1566
1567
1571
1572
1580
1583
1585
1588
1593
1595
1608
1612
1613
1619
1631
1632
1642
1652
1656
1657
1661
1673
1675
1677
1678
1681
1689
1690
1692
1693
1696
1697
1698
1699
1702
1710
1712
1714
1715
1722
1727
1733
1734
1738
1739
1741
1744
1756
1757
1758
1759
1761
1765
1772
1774
1778
1780
1783
1789
1791
1795
1823
1844
1846
1848
1849
1853
1856
1857
1858
1862
1866
1871
1872
1878
1879
1881
1888
1897
1899
1902
1904
1905
1907
1915
1916
1932
1934
1942
1950
1953
1957
1963
1971
1977
1979
1986
1993
1995
2000
2001
2002
2003
2010
2011
2037
2040
2042
2059
2063
2065
2074
2082
2084
2088
2093
2094
2097
2099
2100
2101
2102
2104
2106
2109
2117
2119
2120
2121
2123
2125
2127
2128
2132
2133
2135
2139
2140
2141
2144
2153
2154
2159
2161
2164
2165
2178
2181
2182
2186
2190
2192
2194
2202
2206
2209
2210
2211
2219
2221
2223
2227
2230
2231
2232
2234
2235
2236
2241
2242
2244
2245
2252
2255
2257
2258
2260
2268
2281
2282
2284
2289
2292
2302
2304
2305
2306
2307
2309
2312
2316
2318
2323
2329
2330
2331
2334
2335
2337
2341
2342
2343
2345
2346
2347
2348
2354
2357
2362
2366
2371
2372
2375
2376
2379
2383
2386
2387
2388
2389
2391
2400
2403
2404
2405
2407
2408
2409
2410
2417
2422
2423
2424
2430
2436
2442
2444
2446
2449
2460
2463
2464
2469
2470
2471
2483
2489
2501
2511
2514
2515
2518
2520
2523
2525
2526
2530
2531
2533
2535
2538
2543
2544
2545
2546
2549
2550
2555
2556
2561
2565
2567
2573
2574
2575
2582
2586
2590
2596
2601
2602
2603
2607
2609
2610
2611
2612
2622
2623
2629
2634
2638
2639
2642
2645
2652
2654
2655
2657
2661
2663
2665
2666
2672
2676
2677
2679
2684
2687
2689
2691
2692
2711
2712
2713
2714
2717
2718
2722
2727
2730
2733
2735
2736
2737
2743
2752
2754
2755
2758
2763
2766
2769
2771
2776
2779
2780
2781
2783
2785
2786
2787
2789
2793
2795
2796
2799
2800
2801
2805
2806
2808
2809
2810
2811
2815
2816
2817
2818
2819
2822
2823
2825
2828
2831
2833
2835
2836
2837
2838
2842
2843
2849
2850
2853
2855
2860
2864
2865
2866
2867
2868
2870
2877
2878
2882
2883
2886
2887
2891
2892
2893
2894
2896
2901
2906
2907
2911
2913
2914
2916
2917
2918
2919
2922
2923
2927
2929
2930
2933
2935
2938
2939
2940
2941
2945
2949
2955
2956
2966
2967
2968
2969
2981
2983
2987
2992
2997
2998
2999
3000
3010
3024
3026
3029
3031
3033
3042
3046
3048
3050
3051
3053
3056
3057
3058
3061
3062
3064
3065
3068
3069
3071
3073
3074
3076
3079
3082
3083
3084
3097
3099
3100
3108
3110
3111
3115
3118
3119
3121
3124
3126
3128
3129
3130
3132
3134
3137
3141
3144
3148
3150
3152
3154
3156
3157
3160
3161
3163
3164
3169
3171
3173
3175
3180
3181
3182
3189
3191
3197
3201
3202
3204
3205
3206
3209
3210
3214
3215
3246
3249
3260
3267
3277
3280
3282
3285
3286
3289
3292
3302
3303
3306
3307
3318
3319
3324
3325
3326
3327
3330
3331
3336
3337
3339
3353
3355
3356
3357
3361
3362
3367
3368
3373
3378
3381
3391
3399
3411
3416
3418
3431
3433
3440
3441
3443
3445
3446
3451
3452
3453
3455
3457
3459
3460
3464
3465
3466
3467
3468
3469
3477
3478
3479
3487
3488
3491
3492
3496
3497
3498
3500
3502
3504
3507
3508
3509
3513
3516
3526
3528
3531
3532
3536
3544
3545
3551
3552
3554
3555
3556
3562
3564
3565
3566
3567
3568
3571
3572
3573
3576
3577
3581
3583
3585
3589
3597
3600
3611
3612
3615
3621
3625
3628
3646
3650
3651
3652
3655
3656
3658
3662
3664
3665
3666
3668
3669
3673
3674
3676
3680
3681
3686
3688
3690
3693
3694
3697
3700
3706
3709
3711
3713
3716
3719
3720
3723
3729
3732
3735
3736
3737
3738
3740
3746
3751
3752
3762
3763
3770
3774
3776
3777
3778
3785
3786
3788
3789
3790
3794
3797
3799
3800
3803
3805
3806
3807
3817
3820
3823
3824
3826
3830
3832
3835
3836
3838
3839
3843
3850
3852
3853
3856
3857
3860
3861
3862
3872
3873
3874
3876
3877
3878
3880
3882
3886
3891
3893
3896
3898
3902
3913
3914
3915
3921
3922
3923
3924
3925
3927
3928
3936
3938
3939
3943
3948
3950
3951
3958
3964
3968
3969
3977
3980
3981
3982
3985
3986
3990
3992
3994
3996
3997
4000
4001
4005
4006
4009
4015
4017
4018
4025
4026
4027
4028
4035
4037
4039
4044
4046
4047
4050
4057
4062
4063
4064
4065
4066
4073
4074
4075
4080
4081
4082
4089
4091
4092
4098
4107
4112
4113
4115
4116
4119
4123
4129
4130
4132
4137
4139
4140
4141
4145
4158
4165
4167
4171
4175
4176
4185
4187
4189
4193
4198
4201
4202
4203
4205
4208
4211
4212
4214
4216
4224
4227
4235
4236
4237
4255
4268
4269
4270
4271
4275
4277
4280
4282
4283
4286
4287
4288
4289
4293
4294
4295
4296
4299
4300
4306
4307
4310
4312
4314
4316
4319
4322
4323
4328
4329
4330
4332
4333
4335
4337
4338
4339
4342
4346
4347
4348
4355
4356
4358
4361
4371
4372
4381
4382
4384
4385
4390
4391
4392
4395
4396
4403
4409
4410
4413
4424
4426
4429
4431
4432
4433
4435
4437
4438
4447
4448
4450
4451
4453
4454
4469
4471
4475
4477
4480
4481
4482
4483
4485
4486
4491
4497
4500
4507
4511
4515
4519
4525
4532
4533
4537
4539
4543
4552
4554
4555
4556
4557
4558
4561
4562
4564
4570
4571
4574
4576
4577
4580
4581
4582
4583
4585
4586
4589
4593
4594
4603
4604
4610
4616
4617
4619
4620
4621
4622
4623
4635
4636
4645
4647
4648
4649
4653
4655
4656
4657
4665
4666
4673
4675
4677
4682
4684
4688
4690
4694
4696
4698
4701
4705
4706
4707
4708
4722
4723
4727
4734
4742
4750
4756
4760
4769
4770
4771
4780
4783
4792
4793
4796
4802
4807
4808
4811
4812
4814
4815
4818
4823
4824
4828
4830
4832
4836
4838
4840
4843
4844
4847
4850
4851
4852
4857
4860
4866
4870
4874
4882
4883
4884
4894
4896
4897
4900
4904
4905
4913
4915
4920
4923
4924
4925
4927
4951
4952
4954
4959
4963
4966
4970
4973
4977
4979
4980
4984
4985
4988
4990
4995
4996
4997
4998
4999
5002
5003
5004
5005
5011
5015
5019
5020
5021
5024
5032
5033
5034
5036
5038
5042
5045
5048
5051
5052
5053
5054
5055
5057
5060
5063
5064
5065
5066
5076
5079
5081
5082
5090
5100
5105
5108
5109
5110
5115
5117
5120
5121
5128
5140
5141
5142
5143
5144
5146
5147
5148
5150
5151
5152
5165
5166
5167
5169
5171
5172
5174
5190
5197
5198
5203
5204
5209
5212
5213
5217
5227
5228
5231
5237
5239
5242
5243
5250
5252
5255
5262
5263
5269
5270
5274
5275
5282
5288
5290
5293
5297
5300
5301
5303
5306
5309
5310
5311
5318
5319
5321
5322
5325
5326
5328
5331
5333
5336
5339
5340
5344
5346
5347
5348
5350
5354
5356
5362
5367
5370
5371
5372
5373
5378
5379
5383
5384
5385
5393
5398
5403
5407
5408
5411
5413
5414
5416
5419
5423
5427
5428
5434
5439
5450
5452
5453
5455
5456
5459
5462
5466
5468
5472
5476
5477
5484
5486
5487
5488
5490
5492
5493
5494
5495
5497
5498
5499
5503
5504
5506
5507
5508
5510
5511
5512
5516
5522
5530
5540
5541
5542
5543
5552
5554
5559
5562
5563
5564
5565
5578
5579
5581
5587
5593
5596
5597
5598
5600
5602
5603
5605
5607
5608
5609
5612
5621
5623
5624
5625
5627
5628
5635
5639
5641
5643
5647
5648
5650
5652
5653
5656
5658
5659
5660
5662
5668
5670
5672
5681
5682
5683
5684
5692
5696
5697
5699
5700
5702
5703
5705
5713
5725
5727
5730
5731
5733
5739
5743
5744
5745
5746
5750
5752
5753
5755
5756
5758
5763
5767
5769
5779
5791
5795
5796
5797
5798
5802
5803
5804
5805
5817
5820
5826
5833
5834
5835
5836
5837
5839
5840
5841
5842
5843
5845
5847
5848
5849
5850
5852
5855
5857
5858
5860
5865
5866
5867
5868
5869
5870
5871
5875
5880
5881
5882
5883
5887
5889
5891
5892
5894
5899
5901
5905
5907
5908
5909
5910
5911
5917
5918
5920
5922
5926
5929
5934
5935
5939
5940
5941
5944
5947
5950
5954
5959
5970
5971
5972
5974
5975
5979
5980
5987
5990
5992
5993
5995
6005
6011
6016
6018
6019
6021
6024
6029
6030
6031
6037
6038
6039
6045
6047
6051
6052
6054
6055
6056
6059
6061
6062
6069
6072
6073
6074
6077
6078
6085
6086
6089
6090
6091
6092
6093
6094
6095
6097
6099
6101
6103
6106
6109
6112
6114
6115
6117
6118
6122
6123
6124
6127
6131
6133
6135
6138
6139
6140
6142
6144
6147
6148
6152
6154
6157
6162
6165
6168
6169
6170
6172
6173
6178
6179
6180
6184
6185
6186
6189
6190
6191
6195
6196
6201
6206
6209
6211
6213
6215
6217
6219
6220
6221
6222
6223
6224
6228
6230
6233
6238
6241
6243
6250
6252
6259
6261
6266
6267
6270
6272
6274
6275
6276
6277
6278
6279
6280
6285
6286
6289
6291
6294
6297
6298
6303
6304
6315
6318
6319
6321
6322
6325
6328
6329
6334
6335
6337
6343
6346
6350
6354
6357
6359
6369
6371
6372
6373
6374
6375
6377
6380
6381
6382
6384
6388
6389
6391
6393
6395
6401
6405
6406
6419
6423
6425
6427
6428
6437
6439
6440
6444
6445
6446
6452
6454
6455
6459
6461
6465
6467
6469
6471
6476
6478
6479
6482
6487
6488
6489
6492
6501
6506
6508
6510
6513
6515
6516
6517
6518
6520
6524
6535
6536
6540
6545
6546
6554
6560
6562
6563
6574
6576
6577
6579
6584
6585
6586
6587
6592
6596
6597
6598
6601
6604
6606
6607
6608
6609
6614
6615
6618
6619
6622
6626
6627
6628
6634
6639
6643
6656
6659
6660
6663
6664
6665
6671
6672
6677
6678
6681
6682
6700
6702
6717
6720
6721
6729
6734
6736
6742
6743
6745
6746
6749
6752
6761
6763
6770
6771
6772
6774
6779
6787
6788
6793
6794
6804
6805
6806
6813
6814
6815
6820
6822
6825
6827
6834
6843
6845
6848
6849
6850
6852
6861
6868
6870
6873
6874
6875
6876
6877
6878
6881
6883
6885
6886
6889
6893
6896
6897
6898
6901
6903
6909
6910
6911
6915
6921
6924
6925
6927
6931
6932
6933
6935
6936
6937
6938
6940
6941
6943
6944
6947
6953
6956
6957
6959
6960
6962
6963
6964
6965
6966
6968
6973
6974
6977
6978
6979
6980
6982
6989
6992
6995
6998
7001
7004
7016
7019
7020
7024
7027
7029
7033
7038
7042
7048
7054
7059
7060
7062
7064
7065
7066
7068
7072
7073
7075
7076
7085
7087
7088
7090
7091
7093
7094
7100
7101
7102
7103
7107
7110
7115
7120
7123
7127
7128
7131
7132
7133
7135
7143
7147
7149
7150
7152
7156
7157
7158
7159
7162
7163
7165
7170
7176
7177
7189
7193
7197
7199
7204
7205
7207
7210
7213
7218
7220
7222
7223
7225
7229
7234
7235
7252
7255
7256
7257
7262
7266
7267
7272
7277
7280
7281
7283
7284
7286
7287
7288
7290
7291
7294
7296
7297
7302
7304
7306
7307
7309
7310
7323
7330
7331
7341
7345
7353
7367
7369
7381
7382
7384
7387
7388
7389
7390
7391
7392
7397
7399
7407
7409
7422
7424
7429
7430
7431
7432
7434
7435
7436
7440
7443
7447
7448
7449
7450
7451
7458
7463
7467
7469
7471
7475
7476
7478
7482
7483
7485
7488
7495
7496
7499
7505
7512
7513
7514
7518
7522
7523
7526
7528
7529
7530
7532
7535
7539
7542
7543
7544
7547
7549
7551
7554
7556
7563
7564
7566
7571
7576
7579
7582
7583
7586
7587
7590
7591
7594
7595
7598
7603
7604
7605
7609
7610
7612
7617
7619
7623
7628
7631
7634
7641
7645
7656
7658
7662
7663
7664
7666
7667
7668
7669
7670
7671
7672
7674
7678
7679
7680
7682
7684
7685
7687
7689
7691
7694
7696
7700
7701
7702
7703
7704
7707
7710
7715
7718
7719
7720
7725
7727
7728
7729
7730
7733
7737
7753
7754
7757
7758
7761
7763
7764
7768
7769
7770
7771
7772
7773
7774
7776
7778
7781
7783
7784
7786
7788
7794
7796
7797
7801
7806
7807
7811
7818
7820
7822
7824
7825
7828
7829
7832
7833
7836
7839
7846
7848
7850
7852
7854
7856
7862
7863
7864
7865
7867
7877
7881
7882
7886
7888
7891
7892
7893
7894
7895
7896
7902
7903
7904
7906
7909
7914
7916
7917
7925
7927
7932
7933
7936
7937
7945
7946
7947
7952
7955
7957
7959
7961
7965
7966
7967
7969
7970
7971
7975
7976
7986
7987
8004
8012
8017
8029
8034
8035
8036
8042
8043
8044
8046
8047
8049
8053
8054
8057
8058
8059
8061
8062
8064
8068
8069
8076
8078
8079
8083
8084
8086
8089
8090
8091
8094
8095
8096
8104
8105
8107
8110
8111
8112
8118
8123
8128
8131
8132
8139
8148
8150
8152
8156
8157
8159
8160
8161
8166
8173
8182
8184
8185
8190
8191
8193
8196
8200
8201
8205
8207
8208
8210
8213
8214
8223
8225
8228
8231
8232
8233
8236
8247
8248
8252
8253
8254
8263
8264
8265
8271
8272
8273
8278
8281
8282
8284
8286
8289
8290
8296
8299
8302
8303
8309
8310
8314
8315
8316
8319
8320
8326
8327
8328
8329
8331
8332
8333
8336
8337
8339
8341
8342
8344
8345
8353
8354
8357
8358
8362
8364
8368
8369
8373
8382
8385
8386
8390
8396
8397
8399
8404
8405
8406
8408
8414
8415
8416
8419
8421
8423
8426
8428
8432
8435
8436
8437
8443
8444
8447
8449
8450
8451
8453
8454
8456
8460
8462
8469
8473
8474
8475
8477
8480
8481
8486
8492
8494
8495
8496
8498
8499
8501
8507
8509
8510
8515
8516
8518
8531
8536
8541
8543
8545
8547
8549
8550
8552
8553
8562
8565
8568
8573
8574
8577
8579
8581
8582
8584
8585
8586
8587
8588
8599
8606
8607
8609
8612
8614
8615
8616
8617
8619
8620
8621
8622
8623
8625
8627
8629
8633
8634
8636
8641
8643
8646
8647
8651
8652
8654
8658
8661
8667
8668
8673
8681
8684
8685
8690
8691
8692
8693
8698
8704
8707
8708
8709
8710
8715
8718
8721
8725
8727
8733
8739
8740
8741
8742
8746
8748
8752
8753
8755
8760
8761
8764
8772
8773
8774
8776
8778
8780
8781
8782
8785
8786
8787
8788
8789
8797
8798
8803
8804
8809
8812
8813
8815
8821
8826
8828
8830
8831
8833
8834
8835
8837
8838
8841
8843
8846
8848
8852
8862
8863
8865
8867
8869
8871
8872
8874
8878
8879
8880
8881
8882
8883
8884
8887
8889
8893
8895
8896
8900
8902
8903
8904
8905
8906
8907
8913
8914
8916
8919
8920
8925
8928
8929
8930
8931
8932
8934
8936
8941
8943
8944
8947
8948
8950
8952
8953
8959
8960
8961
8964
8968
8969
8973
8974
8977
8978
8979
8982
8987
8988
8994
8995
8998
8999
9006
9007
9015
9017
9018
9024
9026
9039
9040
9041
9046
9048
9049
9050
9051
9052
9057
9058
9060
9063
9064
9068
9069
9087
9088
9093
9096
9097
9098
9099
9102
9104
9106
9115
9116
9117
9118
9124
9126
9129
9135
9140
9147
9150
9151
9155
9156
9158
9160
9171
9172
9173
9175
9182
9183
9185
9186
9188
9190
9191
9192
9193
9194
9195
9197
9199
9200
9203
9204
9211
9213
9214
9218
9219
9220
9222
9223
9225
9231
9234
9236
9238
9243
9244
9245
9247
9248
9251
9255
9257
9259
9266
9270
9274
9275
9277
9282
9287
9288
9289
9290
9292
9294
9302
9303
9304
9311
9313
9316
9321
9322
9323
9324
9325
9326
9328
9330
9332
9350
9356
9392
9393
9395
9400
9401
9405
9412
9413
9416
9419
9424
9426
9427
9429
9430
9433
9434
9435
9437
9443
9444
9451
9452
9456
9458
9460
9462
9464
9465
9466
9468
9473
9474
9480
9481
9483
9484
9487
9488
9490
9491
9492
9497
9502
9504
9507
9510
9511
9512
9516
9520
9521
9523
9524
9527
9528
9529
9532
9539
9544
9545
9549
9550
9554
9561
9564
9565
9569
9570
9572
9573
9578
9586
9587
9588
9592
9593
9596
9599
9600
9602
9608
9611
9612
9618
9627
9628
9631
9634
9646
9647
9648
9650
9651
9654
9660
9668
9670
9671
9673
9674
9675
9676
9681
9683
9685
9691
9692
9696
9697
9700
9701
9702
9704
9705
9719
9720
9727
9729
9730
9738
9739
9744
9746
9747
9748
9749
9750
9751
9759
9763
9764
9765
9766
9767
9770
9771
9774
9778
9780
9781
9783
9785
9786
9787
9789
9791
9795
9798
9799
9801
9804
9805
9807
9808
9809
9813
9814
9815
9818
9819
9829
9835
9840
9847
9848
9850
9852
9855
9856
9861
9866
9868
9871
9872
9874
9877
9878
9886
9887
9888
9889
9892
9895
9896
9898
9899
9901
9902
9903
9905
9908
9910
9911
9912
9914
9917
9919
9924
9927
9930
9931
9936
9937
9938
9941
9942
9943
9945
9946
9947
9948
9949
9950
9953
9954
9958
9959
9960
9964
9965
9967
9970
9975
9976
9979
9981
9986
9996
9998
10000
10001
10003
10005
10007
10015
10020
10021
10022
10026
10034
10050
10057
10059
10061
10062
10066
10070
10086
10088
10091
10094
10101
10102
10105
10110
10113
10114
10115
10120
10129
10135
10137
10144
10155
10156
10165
10167
10168
10183
10187
10190
10191
10194
10196
10197
10198
10199
10200
10203
10204
10205
10211
10218
10220
10240
10241
10242
10244
10254
10255
10262
10268
10270
10273
10275
10277
10290
10293
10295
10296
10297
10298
10300
10302
10309
10310
10323
10324
10325
10334
10335
10338
10339
10347
10353
10359
10360
10364
10375
10383
10385
10387
10390
10391
10392
10410
10414
10417
10422
10424
10431
10439
10441
10445
10446
10447
10449
10456
10457
10458
10459
10460
10462
10480
10482
10486
10487
10488
10489
10490
10491
10492
10493
10494
10495
10499
10519
10522
10523
10525
10527
10528
10529
10530
10536
10554
10562
10563
10565
10568
10570
10571
10573
10582
10585
10586
10587
10590
10605
10607
10621
10638
10639
10642
10644
10646
10647
10656
10661
10667
10670
10673
10676
10686
10687
10695
10698
10700
10701
10702
10705
10709
10720
10721
10729
10730
10733
10753
10754
10757
10759
10761
10766
10767
10770
10773
10782
10784
10788
10793
10796
10797
10798
10799
10800
10806
10807
10808
10815
10816
10821
10822
10832
10833
10834
10835
10839
10848
10849
10850
10851
10855
10856
10857
10861
10864
10870
10871
10872
10873
10874
10875
10877
10878
10879
10882
10883
10888
10889
10890
10891
10898
10899
10909
10910
10911
10913
10927
10928
10935
10945
10947
10954
10958
10959
10961
10963
10965
10967
10968
10970
10974
10975
10986
10988
10989
10992
10993
10996
11001
11002
11004
11005
11006
11013
11024
11025
11030
11032
11046
11047
11048
11050
11056
11057
11058
11071
11077
11078
11080
11081
11082
11083
11085
11086
11089
11091
11094
11095
11098
11107
11111
11115
11124
11126
11127
11132
11135
11136
11142
11150
11153
11154
11158
11159
11162
11164
11167
11169
11171
11172
11175
11176
11178
11179
11183
11184
11186
11187
11188
11189
11190
11193
11198
11199
11200
11204
11209
11211
11217
11222
11224
11225
11226
11235
11241
11242
11244
11246
11251
11252
11254
11255
11262
11263
11264
11265
11266
11267
11269
11272
11277
11281
11284
11285
11307
11308
11309
11310
11314
11323
11326
11332
11333
11345
11347
11348
11350
11356
11358
11359
11362
11364
11367
11372
11389
11390
11392
11394
11395
11409
11411
11413
11415
11416
11417
11418
11419
11420
11421
11422
11423
11424
11426
11433
11445
11450
11451
11460
11469
11470
11471
11472
11476
11477
11480
11482
11487
11504
11521
11526
11527
11528
11529
11534
11535
11538
11543
11549
11550
11551
11553
11560
11563
11565
11566
11569
11571
11576
11577
11578
11580
11583
11587
11592
11596
11597
11599
11604
11612
11613
11615
11617
11619
11621
11629
11630
11631
11632
11634
11636
11638
11639
11640
11641
11643
11644
11645
11648
11653
11656
11660
11664
11668
11672
11673
11674
11688
11689
11691
11700
11706
11707
11708
11712
11715
11717
11726
11729
11730
11745
11749
11752
11760
11761
11762
11770
11771
11776
11779
11785
11789
11791
11792
11793
11796
11801
11802
11805
11817
11818
11819
11820
11822
11826
11827
11828
11830
11832
11836
11837
11840
11845
11852
11854
11858
11861
11862
11868
11873
11874
11886
11893
11894
11895
11897
11898
11899
11900
11901
11904
11913
11914
11921
11922
11926
11929
11947
11948
11951
11967
11970
11974
11977
11979
11981
11982
11990
11992
11995
11996
11997
11998
12000
12002
12003
12004
12005
12010
12011
12013
12014
12015
12017
12018
12020
12021
12026
12031
12033
12037
12038
12039
12041
12042
12043
12047
12057
12062
12063
12075
12076
12077
12083
12102
12107
12108
12109
12111
12113
12116
12118
12122
12123
12128
12131
12141
12142
12149
12151
12156
12157
12158
12167
12173
12179
12180
12183
12185
12186
12187
12189
12196
12200
12201
12209
12216
12227
12228
12232
12246
12249
12250
12251
12254
12255
12267
12273
12276
12282
12284
12288
12311
12317
12319
12321
12329
12331
12342
12354
12360
12367
12372
12373
12376
12397
12403
12404
12416
12427
12434
12437
12438
12447
12449
12465
12473
12498
12503
12509
12512
12538
12545
12546
12556
12557
12565
12569
12574
12576
12588
12592
12595
12596
12603
12604
12605
12606
12607
12617
12628
12640
12649
12653
12654
12666
12668
12681
12683
12685
12689
12736
12740
12742
12749
12751
12752
12754
12755
12759
12760
12762
12763
12764
12766
12768
12769
12773
12776
12779
12780
12782
12783
12786
12788
12795
12796
12798
12799
12812
12815
12820
12829
12831
12837
12839
12840
12842
12847
12848
12850
12852
12857
12861
12878
12883
12884
12892
12900
12905
12906
12923
12931
12932
12934
12937
12938
12939
12940
12945
12948
12949
12950
12951
12952
12954
12963
12964
12967
12969
12974
12987
12988
12993
12994
12999
13003
13006
13007
13008
13009
13012
13013
13014
13016
13017
13018
13019
13022
13024
13025
13026
13030
13031
13034
13035
13038
13040
13042
13044
13048
13050
13053
13054
13055
13060
13062
13064
13065
13068
13070
13073
13075
13082
13083
13088
13089
13092
13096
13098
13100
13102
13113
13118
13119
13122
13124
13125
13127
13128
13140
13142
13143
13150
13151
13155
13163
13172
13173
13176
13177
13179
13181
13186
13191
13198
13201
13207
13217
13220
13221
13222
13224
13228
13230
13239
13248
13255
13260
13262
13263
13264
13276
13278
13279
13286
13288
13302
13305
13306
13307
13309
13310
13311
13312
13315
13317
13318
13319
13320
13321
13322
13323
13327
13334
13336
13339
13340
13341
13349
13351
13352
13354
13357
13358
13361
13365
13368
13378
13381
13384
13386
13388
13391
13393
13395
13397
13398
13406
13407
13409
13411
13412
13414
13415
13417
13418
13420
13425
13426
13434
13441
13444
13449
13450
13452
13456
13458
13459
13462
13467
13476
13477
13478
13479
13480
13482
13483
13484
13489
13496
13498
13508
13514
13527
13528
13539
13540
13541
13550
13554
13556
13557
13558
13566
13575
13579
13582
13584
13585
13591
13598
13599
13601
13602
13608
13611
13616
13617
13626
13627
13628
13631
13635
13652
13653
13654
13656
13657
13660
13662
13665
13685
13688
13690
13691
13692
13693
13694
13696
13702
13703
13708
13733
13734
13736
13740
13745
13746
13749
13752
13759
13761
13774
13776
13777
13782
13783
13785
13795
13796
13800
13801
13802
13806
13809
13810
13814
13818
13828
13840
13843
13854
13871
13874
13889
13890
13892
13893
13894
13904
13907
13908
13909
13910
13911
13915
13916
13921
13922
13927
13932
13934
13935
13938
13946
13949
13956
13959
13960
13967
13969
13972
13973
13982
13986
13987
13992
14003
14004
14005
14006
14008
14010
14011
14012
14017
14018
14026
14029
14034
14048
14058
14060
14075
14078
14081
14084
14091
14094
14095
14096
14105
14106
14107
14113
14115
14117
14119
14122
14127
14128
14142
14143
14146
14153
14155
14162
14165
14166
14167
14170
14171
14172
14175
14177
14179
14185
14186
14187
14188
14189
14193
14211
14215
14226
14228
14230
14242
14248
14249
14250
14253
14259
14260
14263
14264
14265
14266
14267
14268
14270
14273
14275
14277
14279
14280
14282
14283
14287
14288
14293
14297
14305
14307
14308
14309
14310
14313
14316
14318
14326
14327
14330
14338
14340
14348
14353
14354
14356
14357
14361
14365
14369
14370
14371
14372
14381
14385
14386
14399
14405
14409
14418
14419
14421
14422
14429
14434
14435
14436
14438
14441
14444
14446
14447
14451
14452
14454
14456
14458
14460
14461
14463
14464
14465
14466
14467
14469
14472
14473
14474
14475
14477
14478
14479
14482
14483
14484
14486
14488
14489
14490
14492
14495
14497
14498
14502
14505
14512
14515
14516
14517
14518
14519
14520
14521
14523
14525
14526
14528
14529
14530
14531
14533
14540
14541
14543
14546
14561
14562
14568
14569
14570
14571
14585
14588
14593
14600
14608
14612
14615
14619
14629
14639
14643
14644
14646
14647
14649
14651
14653
14654
14655
14657
14658
14675
14678
14680
14681
14682
14686
14688
14691
14692
14694
14696
14697
14706
14708
14718
14728
14730
14731
14733
14734
14735
14736
14737
14738
14744
14746
14749
14751
14752
14755
14766
14769
14776
14780
14784
14786
14787
14788
14789
14791
14792
14793
14794
14795
14800
14804
14807
14808
14809
14810
14811
14812
14814
14815
14820
14834
14835
14848
14854
14862
14863
14869
14870
14876
14880
14881
14899
14902
14908
14909
14914
14915
14919
14930
14933
14959
14964
14974
14983
14992
14994
15001
15003
15004
15009
15019
15030
15035
15038
15042
15057
15061
15062
15072
15074
15079
15090
15098
15101
15104
15105
15106
15107
15110
15111
15112
15113
15114
15118
15122
15132
15139
15151
15152
15155
15158
15159
15160
15161
15163
15179
15185
15190
15192
15195
15207
15209
15211
15212
15218
15226
15228
15244
15248
15249
15252
15256
15257
15258
15259
15263
15280
15302
15305
15307
15311
15316
15317
15318
15319
15321
15322
15323
15324
15325
15336
15337
15339
15340
15341
15343
15346
15347
15348
15349
15350
15353
15355
15356
15357
15358
15367
15368
15370
15376
15381
15382
15388
15398
15400
15401
15404
15405
15406
15423
15428
15431
15434
15435
15446
15456
15458
15462
15465
15466
15475
15480
15481
15485
15487
15488
15493
15498
15500
15501
15502
15504
15505
15506
15511
15513
15525
15526
15528
15538
15539
15545
15547
15551
15553
15554
15559
15563
15565
15567
15572
15574
15575
15576
15578
15580
15581
15584
15586
15587
15588
15589
15590
15591
15592
15594
15595
15599
15602
15603
15611
15612
15614
15617
15626
15635
15636
15644
15650
15660
15661
15666
15667
15676
15689
15692
15694
15697
15698
15704
15706
15708
15710
15711
15722
15725
15726
15727
15737
15739
15740
15745
15746
15747
15748
15749
15751
15753
15757
15758
15759
15760
15761
15763
15769
15774
15779
15780
15781
15782
15784
15793
15794
15805
15806
15807
15809
15812
15817
15824
15826
15829
15839
15851
15866
15867
15871
15883
15889
15898
15900
15902
15903
15905
15906
15911
15917
15924
15928
15936
15944
15958
15960
15977
15978
15982
15988
15996
15999
16008
16013
16019
16024
16027
16028
16029
16030
16036
16049
16055
16068
16074
16079
16082
16086
16095
16104
16115
16117
16129
16148
16150
16156
16160
16165
16172
16173
16174
16183
16185
16195
16196
16203
16206
16211
16214
16216
16217
16222
16235
16237
16245
16257
16267
16270
16274
16281
16284
16288
16302
16309
16312
16315
16316
16319
16320
16321
16323
16324
16328
16329
16330
16333
16336
16337
16338
16339
16340
16341
16342
16345
16350
16351
16352
16358
16360
16366
16367
16368
16369
16370
16371
16379
16382
16385
16386
16389
16393
16395
16404
16407
16408
16420
16425
16426
16428
16429
16430
16431
16436
16444
16446
16447
16448
16450
16452
16459
16463
16466
16469
16472
16473
16479
16486
16491
16493
16507
16509
16516
16519
16520
16521
16528
16529
16531
16532
16533
16534
16539
16540
16546
16547
16549
16553
16554
16560
16562
16571
16573
16574
16576
16595
16601
16603
16604
16609
16610
16617
16618
16652
16653
16658
16660
16672
16676
16679
16681
16682
16683
16721
16729
16730
16731
16736
16737
16738
16743
16749
16750
16760
16768
16774
16790
16792
16795
16797
16799
16802
16803
16806
16808
16811
16812
16815
16818
16832
16836
16839
16840
16841
16842
16843
16844
16845
16847
16848
16850
16851
16853
16857
16859
16865
16866
16869
16871
16872
16879
16883
16888
16889
16890
16891
16892
16897
16898
16900
16901
16902
16904
16905
16906
16908
16909
16911
16912
16920
16924
16934
16949
16951
16952
16969
16970
16981
16993
17008
17009
17010
17012
17015
17018
17025
17026
17038
17039
17040
17041
17045
17049
17052
17058
17060
17063
17064
17072
17074
17083
17084
17094
17097
17098
17100
17101
17110
17125
17127
17128
17136
17137
17138
17139
17143
17144
17145
17146
17162
17165
17169
17170
17177
17180
17181
17182
17195
17196
17198
17200
17206
17208
17212
17214
17216
17221
17226
17230
17236
17241
17253
17270
17272
17273
17275
17280
17286
17287
17301
17309
17311
17316
17318
17319
17320
17323
17325
17334
17343
17346
17347
17350
17367
17369
17370
17371
17374
17376
17377
17380
17381
17386
17393
17402
17403
17404
17406
17407
17416
17424
17427
17434
17440
17442
17446
17448
17450
17453
17458
17462
17468
17471
17472
17477
17479
17486
17491
17493
17494
17496
17497
17498
17499
17500
17503
17509
17511
17527
17529
17530
17531
17532
17533
17534
17537
17551
17560
17564
17566
17569
17570
17588
17595
17596
17605
17628
17634
17692
17738
17768
17770
17777
17785
17823
17828
17829
17877
17897
17957
18043
18052
18054
18057
18060
18061
18063
18069
18071
18072
18073
18074
18081
18082
18090
18092
18093
18105
18118
18126
18130
18131
18132
18133
18140
18142
18151
18152
18158
18159
18172
18173
18174
18182
18198
18199
18204
18206
18209
18219
18221
18234
18235
18249
18251
18255
18256
18273
18278
18284
18285
18288
18289
18296
18297
18298
18304
18307
18310
18314
18315
18316
18319
18326
18327
18328
18330
18334
18346
18347
18348
18354
18369
18370
18374
18375
18377
18379
18393
18394
18395
18396
18399
18401
18407
18411
18413
18422
18428
18440
18441
18445
18451
18452
18454
18455
18457
18468
18469
18477
18487
18492
18504
18505
18510
18515
18517
18518
18531
18533
18541
18560
18563
18567
18572
18573
18574
18575
18584
18585
18586
18593
18618
18624
18654
18685
18707
18757
18778
18813
18823
18830
18850
18860
18865
18891
18900
18931
18945
18946
18960
18970
18978
18982
18984
18985
18990
18992
18999
19003
19011
19025
19027
19030
19039
19044
19046
19047
19060
19075
19082
19083
19085
19095
19097
19098
19101
19104
19106
19113
19117
19120
19125
19126
19130
19132
19133
19141
19149
19150
19152
19157
19167
19173
19175
19176
19180
19181
19186
19187
19188
19193
19194
19199
19200
19202
19204
19213
19214
19215
19216
19217
19221
19222
19224
19239
19244
19254
19263
19268
19269
19270
19281
19282
19292
19295
19303
19305
19307
19317
19320
19330
19331
19333
19335
19336
19350
19351
19353
19354
19357
19362
19376
19380
19382
19383
19384
19385
19388
19390
19395
19397
19406
19413
19416
19417
19421
19423
19432
19433
19434
19436
19441
19444
19445
19448
19449
19452
19464
19467
19468
19470
19471
19474
19477
19478
19482
19484
19486
19487
19491
19492
19493
19494
19495
19496
19513
19519
19520
19523
19525
19531
19533
19534
19538
19540
19552
19553
19570
19571
19577
19578
19584
19587
19589
19590
19591
19593
19602
19603
19609
19610
19612
19614
19620
19621
19623
19626
19647
19655
19658
19665
19667
19671
19672
19681
19685
19691
19693
19695
19700
19712
19724
19727
19741
19744
19755
19762
19766
19777
19789
19790
19798
19799
19800
19807
19813
19825
19835
19839
19843
19846
19851
19854
19857
19858
19862
19868
19881
19882
19883
19885
19886
19887
19888
19891
19892
19898
19903
19904
19905
19906
19907
19917
19920
19923
19933
19944
19945
19952
19957
19959
19960
19961
19966
19967
19968
19976
19988
19989
19993
19999
20009
20011
20012
20016
20020
20022
20027
20033
20038
20042
20055
20056
20057
20061
20063
20067
20075
20076
20077
20078
20079
20081
20085
20088
20090
20091
20094
20096
20114
20121
20133
20134
20138
20175
20195
20208
20210
20301
20302
20306
20328
20353
20354
20357
20376
20380
20390
20391
20393
20396
20397
20400
20407
20408
20409
20411
20412
20416
20417
20418
20429
20434
20436
20449
20450
20453
20454
20455
20464
20469
20471
20472
20477
20480
20481
20485
20490
20491
20492
20493
20495
20497
20504
20507
20511
20514
20520
20526
20527
20532
20534
20535
20547
20553
20557
20558
20559
20563
20565
20568
20570
20571
20572
20573
20574
20577
20582
20583
20589
20593
20594
20596
20608
20611
20612
20617
20621
20636
20638
20639
20640
20641
20647
20649
20652
20653
20658
20660
20661
20662
20668
20669
20670
20676
20678
20680
20681
20691
20693
20696
20697
20698
20703
20713
20714
20719
20720
20722
20723
20738
20739
20750
20751
20757
20770
20772
20774
20775
20782
20787
20788
20790
20791
20793
20803
20804
20818
20819
20822
20825
20834
20835
20845
20847
20848
20851
20852
20854
20860
20868
20869
20870
20871
20872
20875
20878
20879
20881
20884
20888
20899
20905
20913
20916
20918
20931
20952
20955
20958
20962
20964
20965
20967
20968
20969
20970
20978
20984
20987
20989
20999
21001
21004
21006
21011
21027
21029
21030
21033
21034
21042
21043
21047
21052
21059
21060
21062
21076
21085
21095
21100
21110
21121
21127
21129
21130
21131
21139
21141
21142
21144
21149
21158
21163
21164
21165
21168
21172
21174
21178
21180
21182
21187
21194
21200
21209
21211
21212
21215
21223
21224
21225
21227
21231
21232
21236
21238
21239
21242
21248
21252
21259
21264
21267
21273
21279
21282
21286
21301
21303
21304
21307
21309
21311
21315
21316
21317
21324
21327
21330
21338
21339
21341
21342
21359
21362
21370
21372
21374
21375
21377
21380
21383
21388
21413
21414
21415
21418
21420
21425
21426
21429
21430
21431
21433
21441
21443
21444
21446
21447
21450
21452
21454
21456
21457
21459
21460
21463
21485
21486
21489
21490
21494
21496
21506
21508
21511
21514
21516
21517
21518
21520
21521
21536
21537
21541
21543
21580
21583
21584
21597
21600
21601
21602
21604
21605
21606
21622
21623
21626
21627
21628
21636
21639
21643
21644
21647
21648
21653
21656
21675
21676
21677
21687
21688
21694
21695
21699
21700
21702
21706
21711
21712
21713
21714
21724
21727
21729
21730
21735
21738
21739
21740
21741
21742
21743
21746
21755
21758
21759
21760
21764
21768
21769
21770
21774
21781
21791
21810
21820
21824
21828
21831
21837
21839
21855
21863
21864
21865
21871
21874
21875
21876
21877
21880
21881
21887
21903
21908
21915
21925
21935
21940
21943
21944
21948
21957
21969
21975
21982
21983
21987
21994
21998
21999
22001
22004
22005
22010
22014
22016
22017
22021
22024
22031
22033
22036
22042
22046
22052
22053
22055
22058
22059
22061
22062
22063
22065
22075
22076
22078
22082
22083
22085
22086
22095
22096
22101
22103
22104
22105
22106
22107
22108
22111
22114
22119
22128
22129
22131
22132
22135
22140
22144
22148
22149
22151
22153
22158
22159
22161
22163
22165
22166
22168
22170
22173
22178
22183
22184
22185
22190
22193
22195
22201
22229
22230
22234
22236
22246
22248
22254
22256
22258
22259
22260
22261
22263
22265
22266
22267
22269
22272
22273
22278
22279
22280
22282
22283
22286
22287
22288
22290
22293
22295
22302
22303
22304
22306
22318
22322
22323
22334
22335
22337
22342
22345
22351
22357
22360
22372
22373
22375
22382
22384
22393
22394
22396
22397
22406
22409
22410
22415
22416
22430
22452
22459
22461
22462
22469
22479
22480
22482
22483
22484
22486
22488
22490
22491
22494
22495
22497
22503
22507
22509
22510
22516
22517
22521
22528
22531
22542
22545
22548
22552
22554
22555
22558
22562
22563
22570
22572
22586
22587
22592
22596
22600
22610
22612
22614
22616
22621
22622
22631
22632
22633
22635
22638
22639
22647
22651
22652
22655
22662
22671
22672
22680
22682
22683
22684
22692
22700
22711
22712
22718
22728
22729
22730
22731
22734
22745
22746
22747
22757
22760
22762
22769
22770
22772
22778
22781
22782
22783
22784
22789
22790
22791
22792
22797
22800
22801
22813
22816
22817
22819
22820
22821
22826
22831
22833
22839
22842
22847
22848
22851
22853
22855
22864
22865
22880
22884
22888
22889
22890
22892
22893
22898
22901
22903
22904
22906
22917
22932
22958
22964
22966
22971
22978
22984
22986
22991
23005
23006
23007
23011
23016
23020
23021
23023
23025
23031
23034
23060
23062
23064
23069
23080
23084
23085
23087
23089
23093
23095
23096
23103
23105
23108
23109
23115
23127
23128
23131
23132
23133
23136
23138
23139
23141
23143
23144
23148
23156
23157
23159
23164
23167
23176
23183
23195
23196
23198
23201
23202
23205
23209
23211
23213
23217
23218
23222
23233
23235
23238
23262
23263
23264
23267
23270
23271
23274
23284
23286
23287
23289
23293
23294
23298
23303
23306
23310
23311
23331
23338
23339
23340
23341
23345
23346
23347
23349
23351
23357
23358
23364
23368
23377
23381
23383
23387
23397
23408
23420
23435
23436
23438
23439
23443
23444
23445
23446
23450
23454
23457
23459
23460
23461
23464
23465
23466
23467
23468
23470
23473
23475
23476
23480
23486
23487
23488
23494
23495
23503
23508
23511
23513
23514
23517
23524
23526
23529
23543
23546
23548
23549
23550
23551
23554
23556
23557
23568
23572
23578
23579
23585
23588
23596
23610
23612
23628
23646
23654
23655
23661
23669
23676
23688
23690
23694
23695
23699
23711
23712
23714
23715
23718
23719
23720
23723
23724
23728
23730
23733
23745
23757
23761
23763
23766
23767
23768
23769
23771
23772
23773
23774
23775
23776
23780
23781
23782
23784
23785
23786
23791
23798
23801
23813
23817
23819
23820
23836
23864
23877
23884
23906
23911
23923
23943
23945
23951
23952
23955
23956
23967
23968
23971
23984
23985
23989
23995
23998
24002
24020
24022
24028
24038
24039
24043
24049
24067
24093
24096
24097
24110
24111
24112
24116
24126
24133
24138
24139
24152
24159
24169
24170
24179
24183
24192
24193
24196
24205
24206
24208
24209
24214
24228
24236
24243
24246
24248
24250
24251
24252
24253
24259
24271
24272
24275
24276
24277
24285
24290
24295
24300
24302
24316
24327
24329
24330
24331
24343
24358
24359
24366
24367
24369
24376
24377
24380
24381
24385
24400
24401
24404
24405
24409
24413
24414
24415
24416
24428
24444
24449
24457
24459
24462
24484
24491
24492
24494
24496
24499
24505
24507
24508
24509
24513
24514
24515
24521
24522
24523
24525
24531
24532
24533
24536
24540
24541
24542
24543
24545
24546
24553
24555
24557
24558
24559
24560
24561
24562
24565
24566
24567
24568
24575
24584
24585
24589
24597
24603
24612
24614
24625
24633
24635
24642
24646
24660
24670
24672
24683
24708
24711
24715
24718
24729
24733
24745
24761
24780
24799
24801
24802
24805
24808
24809
24810
24814
24816
24837
24843
24846
24848
24850
24853
24854
24863
24864
24872
24875
24876
24878
24887
24900
24904
24911
24912
24930
24934
24943
24946
24952
24969
24972
24974
24982
24985
24988
25004
25005
25008
25011
25016
25022
25031
25032
25037
25041
25042
25048
25054
25067
25068
25087
25093
25104
25112
25113
25114
25115
25132
25133
25134
25135
25139
25140
25143
25145
25146
25147
25150
25151
25156
25167
25183
25184
25185
25199
25201
25202
25220
25223
25228
25247
25257
25258
25263
25265
25266
25267
25272
25273
25276
25287
25289
25290
25292
25297
25300
25308
25326
25330
25331
25332
25339
25345
25353
25354
25360
25364
25365
25367
25368
25376
25377
25383
25385
25389
25398
25403
25408
25411
25412
25419
25420
25421
25422
25430
25431
25445
25446
25447
25456
25457
25461
25463
25465
25467
25475
25480
25490
25491
25493
25506
25520
25526
25527
25528
25529
25535
25539
25557
25563
25565
25566
25567
25573
25575
25576
25587
25617
25622
25624
25636
25640
25641
25643
25644
25647
25650
25671
25681
25686
25692
25693
25694
25703
25709
25716
25725
25727
25730
25731
25733
25741
25749
25761
25765
25767
25777
25790
25795
25796
25799
25809
25811
25817
25823
25828
25834
25838
25839
25841
25855
25856
25857
25859
25861
25863
25885
25886
25887
25889
25891
25898
25902
25906
25908
25914
25916
25927
25939
25943
25965
25967
25972
25982
25987
26007
26009
26012
26014
26015
26016
26019
26021
26026
26037
26050
26052
26063
26074
26075
26079
26080
26081
26083
26094
26095
26098
26101
26104
26105
26106
26107
26109
26110
26131
26137
26138
26150
26176
26184
26185
26188
26189
26192
26198
26205
26207
26216
26217
26218
26221
26230
26243
26244
26248
26257
26261
26262
26268
26289
26292
26299
26318
26335
26336
26350
26351
26352
26354
26386
26389
26391
26410
26413
26414
26423
26428
26429
26430
26433
26442
26448
26450
26452
26453
26475
26476
26484
26485
26487
26490
26492
26493
26496
26501
26505
26516
26536
26565
26568
26569
26570
26571
26577
26598
26603
26605
26611
26619
26623
26624
26626
26645
26654
26660
26663
26664
26666
26667
26669
26674
26676
26678
26679
26681
26685
26687
26697
26698
26701
26704
26710
26712
26713
26716
26720
26726
26730
26731
26736
26740
26747
26748
26749
26750
26752
26753
26765
26767
26779
26782
26804
26806
26807
26813
26815
26816
26822
26825
26832
26835
26837
26838
26841
26842
26860
26864
26866
26867
26868
26872
26877
26886
26887
26892
26893
26894
26901
26903
26905
26906
26907
26911
26913
26914
26915
26923
26925
26926
26929
26932
26944
26950
26951
26955
26962
26969
26970
26985
26987
26989
26990
26994
26997
27001
27005
27006
27016
27018
27023
27025
27028
27029
27031
27032
27034
27036
27039
27040
27046
27048
27049
27050
27051
27052
27058
27065
27073
27080
27086
27090
27092
27094
27095
27105
27107
27108
27113
27114
27137
27139
27140
27148
27152
27156
27159
27162
27170
27181
27183
27184
27195
27197
27200
27201
27210
27218
27219
27220
27221
27223
27227
27233
27236
27238
27240
27247
27249
27252
27253
27259
27261
27264
27267
27270
27280
27282
27283
27288
27289
27293
27297
27301
27304
27307
27308
27309
27310
27312
27318
27319
27322
27323
27326
27328
27342
27344
27347
27356
27359
27365
27371
27373
27375
27379
27383
27385
27386
27391
27396
27398
27399
27402
27404
27405
27409
27410
27412
27416
27417
27418
27421
27425
27428
27431
27443
27449
27451
27454
27462
27478
27479
27481
27483
27490
27491
27496
27499
27505
27530
27536
27543
27545
27549
27555
27556
27557
27575
27580
27583
27584
27588
27591
27596
27597
27599
27607
27609
27611
27613
27615
27621
27630
27635
27636
27639
27641
27649
27653
27655
27661
27664
27665
27668
27669
27673
27674
27677
27679
27680
27692
27702
27703
27711
27716
27717
27722
27723
27724
27732
27734
27737
27740
27748
27752
27756
27757
27763
27764
27767
27770
27771
27773
27775
27777
27782
27783
27786
27791
27797
27798
27812
27824
27825
27843
27844
27851
27866
27871
27877
27878
27879
27884
27887
27892
27901
27907
27908
27909
27910
27912
27913
27918
27928
27929
27938
27939
27940
27941
27943
27945
27947
27957
27965
27966
27968
27972
27974
27976
27989
28009
28035
28037
28038
28041
28049
28060
28064
28068
28069
28077
28084
28085
28086
28087
28089
28096
28098
28104
28106
28108
28111
28112
28114
28115
28116
28122
28125
28128
28129
28130
28138
28139
28141
28148
28149
28150
28158
28159
28161
28164
28165
28169
28171
28174
28182
28183
28185
28189
28191
28193
28195
28196
28197
28200
28204
28214
28224
28236
28237
28243
28247
28252
28255
28257
28263
28277
28278
28279
28282
28298
28302
28305
28306
28307
28308
28313
28315
28316
28317
28318
28323
28325
28329
28340
28349
28350
28351
28352
28356
28358
28363
28364
28366
28369
28372
28381
28382
28383
28384
28385
28391
28392
28403
28404
28410
28412
28422
28424
28427
28428
28429
28432
28434
28437
28445
28447
28451
28456
28457
28462
28466
28483
28496
28497
28498
28500
28503
28506
28510
28517
28529
28534
28535
28536
28539
28542
28552
28554
28556
28557
28561
28563
28564
28565
28569
28574
28575
28580
28586
28587
28590
28591
28594
28599
28604
28623
28632
28634
28635
28643
28644
28651
28652
28657
28660
28675
28676
28682
28684
28686
28687
28693
28696
28697
28713
28714
28716
28744
28752
28760
28775
28776
28781
28787
28788
28797
28798
28800
28803
28804
28805
28814
28817
28818
28819
28830
28834
28842
28847
28851
28853
28860
28861
28866
28876
28894
28899
28900
28901
28905
28906
28909
28911
28916
28920
28921
28922
28923
28935
28942
28946
28947
28958
28961
28964
28965
28966
28981
28982
28985
28989
28994
29002
29009
29010
29011
29017
29023
29024
29025
29026
29032
29033
29034
29042
29048
29049
29050
29051
29057
29058
29059
29061
29062
29065
29070
29071
29073
29075
29078
29082
29083
29084
29090
29093
29096
29099
29101
29104
29105
29106
29107
29112
29117
29122
29128
29130
29131
29133
29135
29147
29150
29151
29152
29154
29157
29158
29159
29161
29167
29168
29170
29175
29197
29199
29200
29201
29205
29206
29207
29214
29226
29228
29229
29231
29233
29234
29257
29261
29263
29269
29275
29277
29294
29296
29298
29315
29318
29321
29322
29323
29324
29325
29334
29340
29342
29343
29346
29349
29351
29358
29364
29366
29368
29369
29380
29381
29382
29383
29384
29390
29393
29394
29395
29396
29405
29406
29408
29419
29425
29427
29428
29433
29436
29437
29438
29445
29450
29458
29461
29466
29481
29482
29490
29492
29495
29496
29497
29499
29501
29503
29504
29505
29506
29507
29510
29512
29513
29515
29518
29520
29524
29528
29532
29535
29536
29539
29540
29550
29552
29563
29568
29571
29572
29575
29580
29583
29590
29600
29602
29606
29612
29623
29624
29625
29629
29635
29637
29643
29652
29654
29657
29664
29670
29674
29675
29676
29677
29678
29687
29691
29693
29694
29695
29699
29704
29705
29706
29713
29715
29716
29718
29719
29723
29725
29726
29732
29737
29744
29745
29755
29757
29760
29767
29769
29771
29776
29778
29782
29786
29790
29791
29794
29795
29799
29804
29807
29811
29813
29814
29817
29819
29820
29822
29823
29825
29826
29827
29828
29838
29844
29848
29850
29852
29853
29855
29856
29859
29864
29865
29866
29880
29884
29885
29886
29887
29892
29894
29896
29897
29901
29905
29907
29909
29910
29911
29914
29919
29920
29922
29926
29927
29928
29930
29933
29939
29941
29943
29944
29956
29957
29958
29960
29961
29964
29966
29967
29971
29972
29982
29983
29988
29990
29992
29993
29994
30003
30005
30008
30009
30012
30017
30020
30021
30022
30023
30024
30025
30030
30031
30032
30042
30044
30045
30052
30056
30057
30058
30059
30063
30064
30067
30072
30074
30085
30086
30087
30099
30106
30112
30113
30121
30124
30128
30129
30132
30133
30135
30136
30142
30143
30154
30156
30158
30159
30166
30167
30168
30169
30170
30172
30175
30177
30179
30180
30181
30182
30184
30187
30191
30195
30196
30197
30198
30200
30202
30206
30212
30216
30219
30220
30224
30225
30228
30230
30231
30232
30233
30240
30243
30246
30252
30260
30262
30265
30269
30276
30277
30280
30282
30283
30285
30287
30288
30290
30294
30297
30300
30302
30307
30311
30312
30314
30318
30320
30321
30328
30334
30349
30350
30356
30358
30361
30363
30367
30369
30370
30373
30376
30381
30387
30390
30391
30395
30396
30397
30399
30400
30401
30403
30404
30405
30407
30411
30413
30415
30417
30418
30421
30422
30426
30428
30436
30438
30451
30456
30460
30462
30464
30466
30467
30469
30470
30472
30483
30486
30492
30496
30500
30503
30504
30505
30506
30507
30510
30513
30518
30522
30530
30534
30539
30540
30541
30543
30544
30546
30549
30553
30556
30560
30561
30562
30567
30568
30573
30576
30579
30580
30582
30583
30584
30586
30589
30590
30595
30596
30600
30601
30603
30604
30607
30610
30615
30617
30618
30620
30621
30623
30629
30632
30633
30636
30639
30641
30643
30644
30647
30650
30651
30654
30658
30660
30662
30664
30666
30667
30671
30681
30684
30686
30687
30689
30691
30694
30695
30697
30700
30701
30703
30706
30708
30710
30715
30720
30721
30722
30723
30725
30729
30732
30734
30737
30738
30739
30740
30741
30744
30748
30750
30751
30752
30754
30757
30758
30761
30763
30764
30765
30768
30769
30772
30775
30776
30778
30779
30781
30782
30783
30785
30786
30787
30788
30791
30792
30794
30800
30801
30804
30806
30807
30808
30810
30813
30815
30816
30818
30820
30821
30822
30823
30824
30828
30829
30830
30831
30832
30833
30835
30836
30837
30839
30840
30841
30842
30845
30848
30851
30853
30855
30856
30858
30864
30872
30874
30878
30881
30882
30886
30888
30890
30891
30897
30898
30899
30900
30901
30903
30904
30909
30913
30915
30919
30920
30927
30931
30932
30933
30936
30938
30955
30958
30963
30966
30967
30968
30970
30973
30978
30979
30982
30988
30990
31003
31005
31007
31009
31010
31013
31014
31018
31019
31026
31029
31030
31033
31037
31041
31048
31054
31061
31068
31076
31077
31088
31090
31092
31093
31094
31095
31102
31107
31116
31120
31124
31125
31129
31131
31142
31147
31154
31157
31159
31162
31166
31173
31174
31175
31176
31177
31183
31184
31186
31188
31190
31194
31199
31200
31202
31208
31209
31211
31213
31223
31226
31229
31241
31247
31248
31250
31251
31253
31254
31255
31256
31258
31259
31260
31261
31262
31267
31268
31269
31270
31274
31275
31277
31279
31284
31285
31287
31290
31294
31295
31297
31300
31306
31308
31320
31329
31340
31341
31342
31344
31346
31348
31352
31354
31355
31357
31362
31364
31365
31366
31367
31370
31373
31380
31383
31385
31387
31396
31400
31412
31421
31422
31423
31426
31434
31435
31449
31450
31453
31461
31462
31463
31465
31466
31486
31487
31490
31492
31498
31500
31501
31505
31515
31516
31522
31536
31537
31546
31549
31556
31561
31562
31566
31568
31571
31576
31579
31580
31589
31592
31593
31594
31601
31602
31611
31612
31615
31622
31629
31632
31638
31647
31649
31650
31651
31653
31658
31663
31665
31666
31667
31670
31671
31679
31688
31689
31690
31694
31697
31698
31704
31713
31718
31719
31733
31741
31749
31752
31754
31758
31759
31774
31775
31776
31777
31784
31786
31791
31792
31798
31799
31800
31802
31807
31808
31810
31811
31816
31819
31821
31824
31825
31829
31832
31834
31840
31842
31844
31848
31862
31863
31867
31869
31872
31883
31884
31887
31889
31891
31893
31894
31895
31896
31898
31900
31901
31905
31908
31912
31913
31916
31917
31930
31932
31933
31939
31941
31950
31954
31955
31975
31979
31987
32004
32006
32011
32012
32017
32018
32026
32028
32029
32034
32039
32061
32069
32086
32087
32090
32091
32092
32093
32095
32098
32099
32100
32101
32105
32106
32115
32118
32120
32122
32125
32134
32135
32136
32170
32172
32178
32185
32186
32187
32197
32199
32201
32206
32208
32209
32211
32216
32220
32223
32225
32226
32227
32231
32240
32242
32243
32248
32251
32256
32257
32263
32265
32272
32280
32281
32286
32288
32293
32294
32299
32300
32302
32311
32312
32313
32316
32317
32318
32323
32327
32334
32335
32336
32338
32351
32356
32360
32376
32377
32379
32384
32386
32390
32393
32397
32401
32403
32413
32415
32418
32419
32430
32441
32442
32444
32455
32462
32463
32467
32469
32470
32477
32487
32490
32496
32497
32506
32510
32517
32527
32528
32533
32535
32536
32542
32544
32549
32550
32552
32555
32556
32559
32564
32569
32570
32571
32576
32577
32578
32579
32580
32587
32598
32600
32603
32607
32609
32612
32614
32616
32620
32621
32622
32623
32624
32626
32629
32630
32634
32635
32637
32641
32643
32649
32650
32651
32652
32653
32654
32658
32659
32663
32668
32671
32678
32679
32684
32685
32686
32698
32701
32703
32708
32711
32717
32718
32720
32721
32723
32727
32729
32735
32736
32737
32738
32739
32743
32746
32751
32756
32759
32760
32768
32777
32778
32781
32786
32796
32797
32798
32800
32801
32802
32806
32808
32809
32810
32815
32821
32825
32826
32828
32832
32833
32835
32836
32838
32845
32847
32848
32850
32853
32854
32855
32856
32857
32860
32861
32865
32866
32867
32869
32870
32871
32883
32884
32885
32887
32888
32890
32892
32893
32894
32895
32897
32899
32901
32902
32907
32908
32919
32920
32928
32932
32936
32941
32950
32952
32954
32971
32976
32977
32979
32980
32983
32984
32985
32989
32999
33005
33007
33008
33010
33015
33016
33017
33018
33022
33024
33026
33032
33038
33039
33041
33052
33057
33062
33064
33065
33070
33072
33074
33075
33082
33083
33096
33097
33112
33113
33115
33121
33128
33132
33138
33139
33156
33157
33160
33172
33176
33183
33184
33185
33191
33192
33193
33194
33196
33197
33202
33203
33206
33211
33216
33218
33219
33222
33228
33230
33231
33233
33236
33238
33245
33248
33254
33264
33267
33272
33276
33277
33278
33279
33281
33282
33283
33284
33287
33288
33290
33292
33295
33297
33307
33314
33320
33323
33324
33325
33329
33330
33334
33335
33336
33341
33342
33343
33345
33350
33351
33355
33359
33361
33364
33368
33369
33376
33377
33380
33381
33382
33383
33385
33386
33387
33393
33402
33403
33406
33410
33412
33414
33415
33418
33420
33422
33435
33437
33442
33447
33448
33454
33461
33467
33472
33475
33483
33490
33492
33493
33497
33504
33513
33522
33529
33530
33531
33534
33535
33537
33539
33543
33544
33546
33547
33549
33553
33556
33558
33559
33560
33564
33566
33567
33568
33576
33587
33589
33593
33600
33601
33604
33613
33621
33624
33636
33640
33641
33645
33646
33648
33649
33655
33656
33674
33676
33694
33697
33700
33701
33704
33712
33725
33730
33733
33742
33743
33744
33746
33748
33752
33753
33770
33773
33775
33776
33777
33780
33786
33787
33796
33798
33800
33803
33804
33811
33813
33825
33832
33833
33836
33844
33845
33846
33847
33848
33849
33852
33854
33857
33861
33863
33864
33872
33875
33892
33894
33898
33904
33905
33913
33917
33918
33920
33921
33933
33934
33935
33936
33938
33949
33952
33953
33955
33958
33967
33972
33985
33990
33996
34001
34003
34013
34021
34022
34026
34035
34038
34041
34042
34043
34045
34050
34052
34055
34060
34061
34063
34065
34072
34080
34081
34090
34097
34102
34109
34118
34121
34122
34125
34130
34131
34133
34134
34138
34147
34156
34159
34161
34172
34183
34186
34191
34193
34202
34207
34208
34213
34216
34224
34225
34236
34240
34241
34248
34249
34251
34255
34257
34262
34265
34268
34269
34272
34283
34286
34298
34299
34300
34304
34308
34310
34311
34314
34322
34323
34324
34329
34331
34344
34360
34365
34377
34378
34380
34381
34382
34384
34392
34394
34401
34402
34407
34410
34416
34417
34418
34420
34422
34435
34438
34441
34443
34444
34448
34452
34456
34460
34462
34465
34466
34467
34485
34486
34488
34493
34499
34506
34507
34508
34511
34521
34529
34531
34534
34535
34536
34537
34538
34540
34543
34550
34559
34570
34576
34577
34582
34590
34592
34602
34606
34610
34631
34632
34639
34648
34651
34657
34658
34659
34662
34664
34667
34670
34671
34674
34679
34682
34684
34685
34688
34690
34693
34694
34697
34698
34701
34709
34711
34712
34714
34715
34716
34722
34723
34726
34746
34747
34748
34759
34767
34768
34774
34776
34778
34779
34780
34787
34788
34789
34791
34800
34812
34813
34814
34826
34827
34829
34833
34834
34837
34838
34846
34849
34851
34852
34856
34861
34863
34868
34869
34872
34873
34879
34880
34882
34883
34888
34895
34899
34900
34902
34904
34906
34909
34911
34920
34925
34928
34931
34934
34940
34949
34952
34953
34957
34961
34962
34965
34968
34974
34978
34980
34983
34989
34994
34998
35005
35006
35009
35013
35015
35017
35021
35024
35025
35033
35037
35038
35043
35046
35050
35054
35058
35059
35060
35065
35066
35068
35072
35076
35079
35086
35091
35097
35106
35109
35115
35116
35118
35125
35132
35133
35134
35139
35140
35141
35145
35147
35153
35156
35159
35161
35167
35169
35176
35179
35180
35181
35183
35184
35185
35186
35187
35193
35195
35204
35208
35210
35211
35220
35252
35265
35293
35300
35304
35306
35307
35324
35358
35397
35413
35414
35417
35427
35429
35438
35447
35448
35451
35454
35455
35458
35462
35468
35469
35471
35473
35477
35479
35482
35485
35486
35488
35494
35499
35506
35512
35514
35515
35518
35531
35539
35541
35547
35550
35551
35554
35555
35562
35569
35571
35572
35581
35582
35584
35589
35590
35594
35595
35596
35600
35609
35616
35620
35623
35624
35625
35635
35636
35638
35639
35640
35641
35642
35645
35647
35650
35652
35653
35657
35661
35663
35692
35694
35695
35696
35697
35698
35701
35705
35707
35714
35717
35721
35747
35748
35756
35757
35761
35768
35769
35770
35771
35784
35785
35788
35802
35806
35814
35817
35818
35829
35830
35831
35832
35863
35868
35880
35887
35888
35892
35895
35902
35915
35916
35922
35926
35931
35941
35943
35945
35948
35967
35971
35975
35992
35995
36030
36046
36050
36051
36054
36058
36062
36076
36077
36078
36082
36083
36087
36089
36092
36097
36098
36103
36104
36106
36108
36110
36116
36119
36127
36128
36129
36139
36161
36167
36186
36189
36210
36213
36214
36217
36223
36230
36233
36239
36247
36249
36251
36254
36255
36263
36264
36271
36272
36273
36276
36277
36280
36284
36286
36291
36292
36294
36302
36316
36317
36318
36319
36323
36324
36328
36330
36333
36337
36342
36343
36344
36345
36346
36348
36349
36353
36355
36358
36367
36370
36377
36401
36403
36406
36409
36413
36418
36420
36424
36441
36444
36447
36457
36459
36460
36462
36465
36466
36469
36470
36479
36481
36483
36484
36487
36495
36497
36501
36502
36511
36519
36524
36532
36533
36537
36538
36539
36540
36544
36546
36547
36549
36550
36554
36559
36562
36564
36567
36568
36577
36583
36584
36594
36595
36599
36609
36614
36618
36628
36633
36638
36640
36641
36642
36643
36645
36646
36647
36648
36654
36658
36663
36664
36666
36668
36671
36672
36673
36677
36680
36690
36696
36702
36710
36720
36721
36736
36747
36750
36751
36752
36753
36755
36760
36762
36763
36771
36780
36782
36787
36813
36826
36827
36831
36832
36833
36837
36840
36842
36844
36848
36849
36852
36853
36857
36860
36864
36865
36867
36873
36886
36899
36900
36906
36907
36912
36915
36918
36919
36922
36924
36932
36936
36937
36938
36939
36942
36944
36946
36948
36949
36950
36951
36953
36958
36960
36961
36966
36969
36972
36973
36975
36977
36978
36979
36987
36992
37000
37001
37012
37013
37019
37029
37032
37033
37034
37110
37123
37127
37128
37131
37133
37134
37137
37139
37140
37149
37151
37153
37163
37167
37181
37193
37195
37201
37202
37203
37205
37206
37216
37218
37219
37221
37224
37225
37226
37229
37231
37232
37235
37237
37238
37239
37240
37241
37242
37247
37253
37274
37279
37284
37288
37293
37294
37302
37307
37309
37313
37319
37324
37326
37333
37334
37335
37337
37343
37345
37348
37351
37370
37372
37373
37374
37375
37376
37379
37382
37385
37387
37389
37391
37394
37395
37399
37400
37403
37404
37411
37413
37414
37415
37418
37422
37424
37441
37443
37448
37454
37458
37463
37464
37467
37468
37470
37478
37480
37481
37485
37487
37489
37499
37504
37506
37508
37510
37522
37531
37532
37533
37546
37552
37560
37562
37564
37565
37577
37588
37593
37595
37599
37610
37619
37624
37636
37641
37643
37647
37650
37651
37652
37653
37655
37663
37670
37671
37675
37681
37682
37683
37685
37686
37688
37689
37691
37694
37695
37696
37705
37706
37708
37710
37717
37719
37722
37723
37724
37726
37727
37728
37730
37731
37732
37734
37736
37737
37747
37748
37752
37755
37761
37764
37768
37776
37786
37787
37792
37809
37817
37836
37839
37845
37847
37848
37850
37865
37871
37872
37875
37877
37878
37879
37880
37881
37882
37887
37888
37889
37890
37892
37893
37894
37897
37900
37901
37902
37903
37905
37906
37907
37908
37909
37911
37913
37914
37915
37916
37917
37918
37920
37922
37923
37924
37925
37926
37931
37932
37933
37936
37940
37941
37943
37945
37946
37948
37949
37950
37952
37954
37955
37957
37958
37961
37962
37965
37966
37968
37969
37972
37973
37975
37976
37979
37980
37981
37982
37983
37984
37989
37993
37994
37996
37997
37998
38002
38007
38008
38010
38011
38012
38018
38025
38029
38030
38031
38032
38033
38034
38040
38041
38042
38044
38045
38049
38053
38057
38061
38062
38064
38065
38066
38068
38072
38073
38079
38080
38093
38096
38108
38109
38112
38118
38119
38120
38121
38122
38123
38124
38126
38127
38129
38133
38134
38140
38142
38143
38144
38146
38147
38148
38150
38151
38154
38162
38166
38168
38177
38178
38181
38183
38184
38187
38188
38194
38195
38200
38201
38203
38209
38211
38212
38213
38214
38216
38217
38219
38220
38221
38222
38223
38224
38228
38230
38231
38236
38237
38239
38241
38243
38246
38249
38254
38269
38270
38271
38274
38275
38276
38277
38279
38280
38282
38284
38286
38288
38289
38292
38293
38294
38296
38298
38304
38306
38316
38320
38321
38329
38332
38333
38334
38339
38340
38341
38342
38348
38351
38353
38354
38356
38358
38359
38360
38361
38362
38363
38365
38366
38367
38368
38369
38371
38372
38373
38375
38378
38379
38384
38387
38390
38391
38392
38396
38397
38398
38410
38418
38419
38422
38423
38424
38426
38428
38430
38432
38437
38441
38442
38443
38444
38452
38454
38456
38462
38466
38471
38472
38474
38475
38477
38478
38490
38493
38497
38498
38500
38503
38504
38505
38506
38508
38509
38511
38516
38517
38519
38522
38528
38530
38531
38532
38533
38535
38538
38540
38541
38542
38558
38559
38560
38564
38565
38572
38573
38575
38578
38579
38581
38587
38596
38597
38610
38612
38613
38617
38619
38625
38626
38634
38641
38645
38661
38665
38669
38672
38676
38685
38689
38691
38693
38694
38695
38699
38701
38704
38707
38709
38714
38715
38716
38721
38723
38724
38726
38727
38739
38750
38757
38761
38763
38764
38770
38773
38777
38779
38780
38784
38788
38789
38790
38792
38802
38805
38806
38807
38810
38811
38812
38813
38815
38817
38829
38835
38839
38841
38845
38847
38848
38849
38851
38866
38869
38870
38871
38877
38878
38880
38885
38887
38890
38897
38898
38900
38901
38904
38907
38908
38909
38910
38911
38913
38916
38922
38926
38931
38932
38938
38939
38941
38942
38943
38947
38949
38951
38952
38953
38961
38964
38966
38968
38970
38976
38977
38978
38980
38981
38982
38984
38985
38986
38988
38989
38995
38997
39004
39008
39013
39017
39018
39021
39022
39026
39028
39031
39037
39039
39042
39044
39046
39048
39049
39051
39052
39055
39066
39067
39069
39071
39072
39073
39074
39076
39077
39079
39080
39081
39083
39086
39087
39088
39089
39091
39092
39097
39098
39099
39100
39102
39104
39115
39116
39119
39123
39124
39127
39128
39129
39131
39132
39135
39136
39137
39139
39140
39141
39143
39145
39147
39149
39154
39155
39158
39162
39164
39165
39171
39173
39176
39177
39178
39182
39183
39184
39190
39191
39192
39194
39198
39199
39202
39203
39205
39207
39210
39211
39212
39213
39216
39217
39218
39220
39222
39224
39226
39227
39230
39250
39256
39258
39259
39260
39265
39266
39267
39270
39273
39275
39279
39282
39284
39290
39291
39296
39297
39298
39299
39301
39306
39309
39321
39322
39324
39325
39326
39328
39329
39335
39343
39350
39356
39362
39365
39368
39373
39376
39377
39379
39383
39387
39389
39390
39393
39397
39399
39403
39405
39406
39410
39419
39421
39422
39423
39424
39431
39433
39438
39439
39443
39446
39448
39450
39451
39453
39465
39469
39471
39472
39474
39475
39478
39484
39485
39486
39487
39488
39490
39492
39493
39494
39495
39496
39497
39498
39499
39500
39501
39502
39503
39506
39509
39512
39513
39514
39517
39518
39523
39530
39533
39534
39535
39537
39538
39548
39555
39556
39562
39564
39567
39574
39580
39581
39582
39584
39591
39595
39600
39610
39615
39617
39618
39622
39625
39635
39637
39642
39645
39646
39652
39653
39654
39655
39656
39657
39659
39660
39663
39665
39666
39670
39675
39679
39682
39685
39687
39692
39695
39708
39712
39713
39716
39718
39719
39721
39726
39728
39730
39731
39734
39736
39737
39738
39739
39740
39741
39743
39750
39753
39755
39757
39758
39761
39763
39764
39765
39766
39773
39777
39779
39781
39782
39783
39784
39786
39787
39794
39800
39802
39803
39807
39809
39810
39816
39818
39819
39826
39829
39830
39832
39833
39834
39835
39836
39837
39841
39842
39844
39845
39848
39849
39850
39851
39855
39860
39862
39865
39866
39874
39875
39880
39882
39888
39900
39902
39904
39905
39906
39907
39908
39921
39926
39927
39928
39929
39930
39931
39945
39952
39959
39960
39962
39963
39965
39966
39968
39969
39974
39979
39984
39985
39994
39998
39999
40000
40004
40008
40010
40015
40027
40031
40034
40035
40041
40042
40046
40047
40050
40052
40061
40063
40064
40065
40073
40078
40081
40084
40088
40089
40091
40095
40098
40100
40103
40108
40113
40114
40117
40119
40127
40130
40131
40137
40139
40140
40144
40148
40154
40160
40164
40166
40169
40170
40171
40174
40175
40182
40183
40184
40186
40193
40196
40198
40199
40200
40204
40205
40220
40221
40222
40223
40224
40234
40235
40236
40246
40256
40275
40282
40288
40295
40297
40302
40303
40311
40312
40316
40322
40324
40329
40336
40342
40350
40356
40359
40360
40361
40363
40365
40366
40368
40370
40371
40376
40381
40382
40383
40384
40385
40386
40387
40389
40390
40391
40392
40394
40395
40398
40399
40400
40401
40402
40403
40405
40406
40408
40409
40410
40414
40417
40418
40419
40422
40424
40426
40436
40437
40440
40441
40442
40443
40445
40446
40447
40448
40449
40450
40451
40452
40454
40455
40457
40458
40464
40469
40481
40482
40483
40486
40493
40497
40498
40502
40509
40517
40518
40519
40522
40524
40526
40531
40540
40543
40547
40554
40556
40558
40563
40564
40568
40576
40577
40581
40584
40589
40592
40593
40595
40598
40599
40604
40610
40611
40613
40614
40616
40618
40624
40625
40634
40640
40642
40644
40646
40648
40653
40654
40655
40658
40659
40661
40667
40669
40670
40673
40674
40677
40678
40687
40689
40690
40695
40696
40699
40701
40702
40704
40705
40714
40715
40717
40722
40723
40724
40730
40733
40736
40737
40744
40745
40747
40748
40751
40761
40764
40770
40775
40777
40779
40782
40784
40793
40801
40803
40805
40806
40808
40811
40814
40818
40820
40822
40836
40841
40848
40852
40855
40858
40859
40860
40861
40865
40866
40869
40870
40872
40880
40884
40892
40895
40900
40901
40903
40913
40914
40918
40952
40958
40959
40960
40963
40965
40969
40973
40991
40993
40994
40999
41000
41002
41003
41006
41010
41017
41018
41021
41023
41024
41028
41034
41046
41048
41052
41058
41060
41063
41066
41067
41068
41081
41083
41085
41086
41087
41088
41091
41096
41098
41099
41100
41107
41109
41110
41111
41112
41127
41130
41138
41139
41141
41143
41144
41146
41148
41149
41151
41162
41168
41176
41179
41186
41187
41189
41190
41191
41202
41203
41204
41206
41207
41214
41218
41219
41220
41227
41229
41234
41236
41238
41241
41242
41243
41245
41246
41259
41260
41261
41274
41276
41277
41278
41279
41283
41284
41286
41287
41289
41293
41297
41303
41313
41316
41318
41327
41334
41340
41341
41342
41349
41350
41354
41358
41359
41361
41362
41363
41367
41368
41372
41374
41379
41383
41384
41388
41390
41391
41396
41397
41398
41410
41411
41415
41417
41418
41419
41420
41425
41433
41438
41445
41452
41458
41460
41462
41464
41467
41468
41469
41471
41472
41478
41481
41485
41488
41491
41503
41505
41507
41509
41510
41526
41529
41531
41536
41537
41538
41539
41547
41550
41556
41557
41560
41562
41563
41564
41565
41567
41569
41571
41572
41573
41577
41578
41588
41589
41594
41595
41596
41598
41601
41602
41604
41605
41609
41612
41613
41618
41627
41631
41632
41636
41637
41638
41650
41651
41652
41655
41660
41662
41665
41668
41669
41670
41671
41673
41674
41682
41683
41685
41686
41691
41694
41695
41698
41704
41706
41709
41712
41713
41717
41719
41723
41725
41726
41733
41734
41740
41743
41744
41747
41749
41756
41757
41758
41763
41766
41768
41769
41773
41777
41778
41780
41785
41795
41796
41797
41803
41809
41824
41832
41846
41854
41856
41857
41858
41861
41863
41864
41865
41871
41873
41874
41875
41879
41880
41881
41882
41884
41887
41890
41891
41895
41897
41898
41902
41903
41904
41908
41923
41926
41931
41938
41941
41943
41946
41947
41948
41949
41950
41954
41957
41958
41959
41960
41961
41967
41968
41976
41979
41984
41988
41989
41991
41995
41997
42002
42011
42012
42013
42015
42017
42018
42020
42021
42022
42023
42025
42038
42039
42040
42043
42044
42045
42047
42057
42065
42070
42072
42078
42080
42081
42083
42088
42089
42091
42093
42096
42102
42103
42106
42108
42114
42119
42120
42121
42134
42141
42143
42145
42150
42151
42152
42159
42161
42167
42168
42169
42174
42177
42178
42180
42181
42183
42187
42192
42193
42194
42195
42197
42201
42202
42210
42213
42240
42243
42249
42250
42251
42255
42256
42257
42259
42263
42266
42273
42276
42279
42281
42283
42286
42291
42293
42294
42306
42308
42309
42313
42314
42316
42320
42321
42322
42326
42330
42332
42334
42335
42339
42340
42344
42346
42348
42351
42360
42363
42364
42365
42367
42371
42375
42377
42378
42381
42383
42384
42385
42386
42387
42391
42395
42397
42398
42399
42401
42403
42408
42414
42415
42418
42422
42424
42426
42434
42438
42440
42441
42445
42447
42448
42451
42457
42463
42464
42466
42467
42468
42470
42474
42476
42478
42480
42491
42493
42494
42495
42497
42502
42505
42507
42510
42511
42516
42529
42530
42531
42534
42535
42536
42538
42539
42540
42542
42546
42547
42548
42549
42552
42564
42571
42577
42579
42580
42582
42586
42590
42594
42595
42596
42597
42598
42599
42610
42612
42614
42616
42618
42619
42636
42637
42642
42643
42645
42646
42649
42651
42652
42656
42657
42668
42670
42672
42675
42677
42680
42681
42682
42683
42684
42686
42689
42694
42696
42703
42704
42705
42709
42720
42725
42729
42730
42731
42732
42733
42740
42744
42745
42751
42753
42755
42756
42760
42761
42762
42764
42775
42776
42778
42780
42783
42790
42793
42798
42800
42802
42804
42805
42807
42808
42817
42818
42819
42820
42822
42829
42832
42879
42936
42940
42947
42962
42967
42993
43019
43021
43030
43049
43056
43061
43065
43073
43079
43080
43082
43083
43086
43087
43088
43092
43093
43096
43097
43101
43105
43109
43110
43112
43115
43117
43118
43122
43124
43135
43136
43137
43138
43139
43142
43148
43150
43162
43163
43168
43172
43174
43175
43179
43180
43181
43182
43183
43186
43191
43197
43200
43204
43207
43208
43211
43212
43219
43220
43221
43222
43230
43234
43235
43237
43242
43245
43255
43257
43265
43269
43271
43277
43279
43280
43282
43283
43284
43286
43288
43292
43296
43300
43301
43302
43303
43309
43313
43315
43317
43320
43324
43325
43327
43329
43332
43334
43336
43337
43338
43343
43345
43347
43352
43355
43356
43357
43359
43365
43371
43373
43374
43375
43376
43377
43379
43385
43386
43388
43391
43392
43397
43399
43401
43402
43404
43406
43409
43414
43415
43416
43419
43427
43429
43432
43436
43444
43449
43453
43454
43455
43456
43459
43460
43463
43464
43465
43466
43473
43475
43485
43488
43489
43490
43493
43500
43502
43504
43516
43517
43520
43521
43524
43525
43529
43530
43531
43534
43535
43536
43545
43548
43551
43553
43556
43557
43558
43560
43561
43562
43563
43565
43566
43568
43571
43575
43580
43583
43584
43586
43589
43590
43592
43593
43594
43595
43596
43597
43598
43602
43603
43604
43605
43608
43609
43611
43613
43616
43619
43622
43623
43624
43628
43629
43630
43632
43633
43639
43641
43644
43646
43648
43649
43650
43652
43653
43655
43658
43660
43668
43674
43676
43679
43680
43683
43688
43693
43697
43698
43708
43709
43711
43712
43722
43725
43731
43733
43748
43752
43762
43764
43765
43766
43767
43770
43777
43778
43787
43788
43792
43794
43797
43799
43801
43802
43803
43804
43806
43808
43814
43820
43824
43825
43829
43830
43844
43848
43849
43855
43858
43860
43863
43867
43868
43872
43875
43878
43879
43883
43885
43886
43889
43891
43892
43898
43899
43902
43903
43904
43910
43912
43914
43915
43930
43931
43932
43933
43939
43945
43948
43950
43953
43964
43965
43970
43971
43972
43974
43975
43980
43982
43987
43990
43997
44002
44004
44009
44017
44030
44033
44037
44046
44050
44053
44056
44059
44063
44067
44071
44073
44074
44075
44079
44080
44081
44088
44089
44090
44091
44094
44095
44099
44101
44104
44106
44108
44118
44119
44120
44128
44131
44132
44134
44136
44139
44140
44150
44152
44153
44154
44155
44158
44159
44162
44164
44168
44173
44181
44182
44183
44190
44200
44201
44202
44206
44207
44209
44212
44213
44216
44219
44226
44231
44232
44233
44234
44235
44236
44243
44245
44246
44249
44250
44256
44258
44259
44260
44269
44270
44272
44276
44284
44285
44287
44288
44289
44295
44301
44304
44314
44315
44319
44327
44337
44342
44346
44350
44373
44380
44392
44408
44421
44428
44429
44430
44431
44435
44450
44462
44470
44471
44480
44490
44512
44514
44516
44517
44519
44521
44527
44537
44539
44545
44549
44550
44558
44562
44569
44572
44584
44588
44590
44591
44592
44594
44597
44604
44612
44614
44616
44618
44622
44623
44624
44625
44628
44629
44630
44634
44638
44647
44653
44655
44670
44674
44675
44681
44683
44684
44685
44687
44691
44694
44696
44698
44700
44702
44704
44706
44714
44721
44724
44725
44730
44731
44733
44734
44735
44738
44740
44741
44748
44750
44752
44755
44756
44757
44759
44760
44763
44765
44770
44772
44777
44778
44779
44788
44818
44833
44842
44844
44846
44847
44848
44861
44864
44865
44868
44871
44880
44882
44883
44884
44886
44891
44897
44899
44900
44901
44906
44913
44914
44917
44918
44922
44928
44930
44933
44934
44936
44938
44939
44953
44958
44961
44968
44977
44978
44979
44982
44984
44993
44994
44996
45000
45012
45013
45015
45019
45027
45031
45043
45045
45049
45050
45056
45059
45060
45068
45072
45074
45077
45080
45083
45084
45091
45100
45114
45116
45121
45123
45136
45137
45138
45141
45142
45143
45144
45146
45147
45148
45152
45157
45164
45165
45166
45168
45169
45174
45178
45182
45186
45188
45190
45191
45197
45203
45207
45208
45212
45218
45219
45224
45231
45233
45236
45237
45241
45246
45258
45260
45264
45265
45266
45268
45284
45289
45291
45292
45296
45300
45302
45305
45306
45308
45309
45310
45315
45316
45320
45321
45322
45323
45324
45325
45326
45332
45333
45334
45340
45347
45353
45359
45364
45365
45366
45367
45373
45377
45378
45379
45382
45383
45385
45388
45393
45394
45400
45405
45407
45413
45414
45415
45416
45417
45419
45421
45423
45428
45432
45435
45437
45438
45440
45442
45448
45449
45450
45451
45454
45455
45457
45460
45471
45479
45488
45490
45495
45497
45498
45499
45500
45502
45503
45505
45506
45510
45511
45512
45513
45516
45517
45522
45523
45524
45525
45536
45538
45539
45543
45544
45547
45549
45550
45551
45552
45554
45555
45556
45567
45568
45573
45575
45576
45578
45582
45583
45586
45589
45599
45600
45601
45605
45611
45614
45615
45616
45617
45621
45623
45630
45632
45642
45645
45647
45649
45651
45652
45653
45655
45656
45658
45660
45661
45666
45669
45670
45674
45675
45680
45682
45684
45685
45686
45690
45693
45696
45697
45703
45704
45705
45706
45707
45710
45712
45713
45715
45718
45719
45720
45726
45727
45729
45730
45734
45737
45739
45741
45744
45746
45753
45754
45758
45763
45765
45766
45770
45771
45777
45779
45784
45785
45787
45790
45791
45795
45798
45799
45801
45802
45805
45808
45813
45814
45822
45825
45828
45831
45833
45834
45839
45842
45845
45847
45854
45864
45870
45876
45877
45878
45886
45887
45888
45889
45890
45891
45892
45893
45897
45898
45900
45906
45907
45910
45911
45913
45916
45919
45926
45929
45930
45931
45933
45938
45940
45941
45945
45951
45954
45956
45958
45960
45961
45962
45964
45968
45975
45978
45979
45981
45986
45987
45990
45995
45996
45997
46000
46001
46002
46009
46010
46012
46023
46024
46025
46026
46027
46032
46037
46048
46049
46053
46055
46060
46061
46062
46064
46067
46068
46069
46070
46072
46074
46075
46078
46081
46085
46089
46091
46098
46100
46102
46104
46106
46108
46109
46116
46117
46119
46120
46130
46131
46137
46139
46144
46150
46152
46153
46154
46158
46159
46160
46163
46164
46167
46168
46171
46172
46173
46176
46177
46180
46182
46185
46186
46188
46190
46191
46194
46195
46196
46197
46199
46201
46212
46213
46214
46215
46221
46222
46224
46225
46228
46229
46234
46235
46236
46237
46238
46239
46240
46242
46243
46246
46253
46254
46256
46258
46259
46261
46262
46265
46267
46273
46275
46277
46278
46279
46286
46287
46288
46289
46290
46292
46300
46303
46304
46312
46324
46325
46327
46329
46331
46336
46339
46340
46341
46349
46350
46352
46353
46356
46357
46361
46362
46364
46365
46369
46370
46372
46374
46379
46381
46385
46387
46397
46400
46401
46405
46407
46413
46414
46418
46420
46421
46422
46424
46434
46437
46438
46442
46443
46446
46450
46451
46455
46459
46464
46466
46468
46469
46470
46472
46473
46479
46481
46482
46483
46487
46491
46497
46503
46504
46513
46519
46522
46527
46529
46537
46538
46539
46540
46543
46547
46549
46550
46551
46553
46554
46560
46562
46565
46572
46575
46577
46586
46588
46597
46599
46604
46607
46608
46609
46612
46613
46614
46627
46628
46634
46637
46638
46641
46643
46645
46646
46652
46657
46658
46661
46662
46665
46668
46669
46670
46671
46676
46680
46682
46684
46686
46692
46697
46706
46708
46710
46713
46714
46721
46724
46727
46729
46734
46735
46737
46741
46746
46747
46749
46750
46751
46752
46757
46758
46761
46762
46765
46767
46769
46772
46775
46777
46778
46779
46780
46781
46782
46783
46784
46785
46786
46790
46793
46794
46795
46796
46797
46799
46800
46801
46807
46810
46811
46812
46817
46818
46821
46824
46827
46828
46829
46833
46835
46837
46840
46846
46847
46850
46851
46852
46854
46856
46862
46863
46866
46873
46883
46884
46885
46887
46893
46896
46898
46900
46903
46909
46911
46912
46914
46918
46922
46924
46925
46927
46929
46934
46938
46941
46942
46943
46947
46950
46951
46954
46955
46957
46958
46959
46960
46962
46963
46964
46966
46969
46974
46982
46985
46986
46988
46991
46997
46998
47000
47001
47006
47007
47008
47011
47017
47018
47019
47020
47021
47022
47024
47026
47027
47028
47034
47042
47043
47044
47049
47050
47056
47060
47062
47068
47069
47072
47073
47074
47076
47078
47093
47094
47095
47096
47097
47099
47100
47104
47106
47107
47110
47116
47122
47124
47129
47132
47134
47135
47136
47137
47138
47139
47141
47142
47143
47145
47146
47147
47148
47150
47156
47157
47159
47161
47162
47167
47169
47171
47176
47177
47185
47186
47191
47192
47193
47196
47197
47200
47204
47205
47206
47207
47208
47210
47212
47217
47224
47228
47234
47235
47236
47240
47241
47246
47247
47248
47249
47250
47251
47252
47253
47254
47257
47259
47262
47263
47264
47265
47267
47268
47269
47270
47273
47275
47277
47278
47283
47284
47291
47292
47298
47299
47300
47302
47307
47309
47310
47312
47313
47314
47315
47316
47318
47319
47321
47323
47324
47327
47328
47329
47332
47333
47334
47335
47336
47337
47342
47343
47345
47346
47347
47352
47353
47356
47357
47360
47361
47362
47363
47364
47365
47369
47375
47381
47385
47387
47393
47397
47404
47406
47408
47409
47412
47413
47418
47423
47424
47427
47428
47437
47440
47441
47442
47443
47445
47449
47453
47455
47457
47459
47460
47461
47463
47471
47473
47474
47475
47481
47485
47486
47487
47488
47492
47494
47495
47499
47500
47503
47507
47508
47509
47510
47512
47514
47515
47516
47517
47518
47523
47525
47527
47528
47529
47531
47532
47533
47536
47541
47543
47545
47551
47553
47555
47558
47559
47566
47570
47572
47573
47576
47579
47583
47586
47589
47594
47599
47600
47603
47605
47606
47609
47610
47612
47613
47614
47619
47622
47623
47624
47627
47628
47634
47635
47639
47640
47641
47642
47643
47645
47646
47651
47652
47653
47654
47655
47658
47662
47664
47668
47669
47674
47676
47677
47679
47680
47681
47683
47685
47689
47691
47692
47694
47695
47698
47701
47703
47704
47707
47710
47715
47720
47721
47729
47730
47733
47734
47735
47737
47738
47744
47746
47748
47749
47750
47752
47761
47762
47763
47764
47766
47767
47771
47773
47776
47780
47782
47788
47792
47793
47795
47796
47799
47800
47801
47802
47808
47810
47811
47813
47820
47821
47822
47823
47824
47832
47833
47834
47839
47842
47846
47847
47848
47851
47852
47853
47855
47857
47859
47863
47866
47867
47870
47873
47875
47876
47877
47881
47883
47885
47887
47890
47897
47904
47908
47909
47911
47912
47913
47915
47916
47917
47918
47928
47931
47933
47938
47939
47940
47941
47942
47948
47949
47951
47958
47963
47969
47970
47972
47973
47974
47976
47979
47980
47981
47984
47987
47988
47994
48000
48005
48007
48008
48014
48017
48020
48021
48023
48024
48025
48027
48031
48034
48035
48043
48046
48047
48051
48052
48055
48062
48063
48067
48079
48081
48082
48084
48085
48090
48091
48092
48096
48105
48112
48113
48119
48120
48127
48128
48129
48131
48134
48137
48138
48139
48142
48143
48144
48147
48149
48151
48152
48154
48159
48160
48162
48166
48168
48172
48173
48177
48180
48184
48186
48201
48203
48207
48208
48209
48210
48211
48215
48217
48218
48219
48224
48225
48236
48237
48239
48243
48244
48245
48255
48256
48259
48262
48275
48278
48284
48288
48296
48297
48298
48301
48302
48306
48307
48311
48319
48321
48322
48323
48325
48326
48327
48336
48337
48340
48341
48351
48352
48353
48354
48357
48364
48366
48372
48373
48374
48378
48379
48382
48385
48387
48392
48398
48399
48401
48403
48406
48408
48413
48417
48423
48424
48428
48429
48432
48436
48441
48443
48448
48449
48450
48455
48457
48458
48459
48460
48467
48469
48473
48474
48475
48478
48479
48480
48481
48482
48483
48484
48486
48487
48493
48497
48499
48500
48504
48511
48512
48513
48515
48516
48517
48519
48521
48522
48523
48525
48527
48528
48529
48531
48533
48535
48540
48543
48545
48548
48550
48554
48555
48556
48558
48560
48561
48598
48599
48602
48603
48605
48606
48607
48608
48609
48610
48612
48615
48616
48617
48621
48623
48626
48628
48630
48633
48634
48638
48639
48651
48659
48660
48661
48665
48668
48669
48673
48684
48686
48697
48698
48699
48701
48703
48704
48706
48709
48712
48713
48715
48718
48719
48727
48729
48734
48735
48736
48739
48741
48742
48744
48745
48750
48751
48752
48754
48755
48758
48765
48771
48772
48774
48775
48779
48781
48782
48784
48785
48791
48794
48796
48800
48802
48804
48805
48806
48817
48822
48824
48829
48836
48842
48844
48847
48858
48862
48873
48874
48875
48876
48885
48893
48894
48895
48896
48897
48903
48905
48910
48911
48918
48927
48929
48930
48931
48933
48934
48937
48942
48943
48944
48952
48967
48972
48977
48979
48980
48981
48982
48983
48987
48990
48995
48996
48998
48999
49001
49007
49008
49017
49020
49027
49029
49030
49032
49034
49042
49045
49048
49049
49052
49053
49054
49059
49060
49061
49067
49068
49069
49070
49074
49075
49076
49078
49081
49083
49086
49095
49098
49099
49100
49102
49104
49106
49110
49116
49117
49123
49124
49129
49130
49133
49134
49135
49138
49141
49142
49143
49144
49154
49155
49156
49158
49159
49165
49175
49183
49196
49199
49203
49212
49218
49224
49225
49236
49237
49240
49241
49242
49243
49253
49254
49255
49256
49258
49261
49262
49263
49264
49265
49266
49268
49284
49319
49321
49339
49340
49341
49347
49360
49361
49367
49377
49379
49394
49397
49399
49403
49410
49414
49415
49419
49420
49421
49434
49440
49445
49446
49447
49479
49482
49493
49501
49508
49509
49510
49514
49516
49519
49520
49523
49524
49525
49527
49530
49531
49542
49543
49550
49551
49557
49558
49565
49566
49580
49581
49582
49583
49590
49596
49597
49605
49610
49612
49618
49624
49633
49637
49638
49643
49644
49646
49670
49686
49692
49693
49694
49695
49703
49707
49708
49712
49716
49717
49720
49725
49727
49737
49745
49748
49751
49753
49756
49758
49760
49768
49769
49772
49775
49776
49794
49797
49798
49806
49812
49820
49827
49832
49844
49845
49846
49850
49856
49858
49859
49865
49866
49872
49888
49890
49893
49905
49906
49907
49911
49915
49917
49922
49923
49926
49928
49930
49931
49934
49935
49937
49938
49940
49945
49949
49950
49951
49955
49956
49961
49963
49967
49973
49977
49983
49985
49991
50001
50004
50005
50006
50010
50011
50016
50018
50066
50068
50069
50070
50072
50073
50074
50077
50080
50086
50087
50089
50090
50091
50092
50096
50100
50105
50106
50113
50123
50126
50128
50132
50133
50135
50138
50141
50149
50150
50152
50153
50156
50157
50167
50172
50175
50180
50181
50184
50188
50193
50194
50211
50233
50237
50241
50242
50243
50247
50248
50249
50250
50251
50254
50255
50257
50260
50263
50280
50286
50295
50296
50298
50299
50301
50304
50308
50311
50317
50323
50324
50325
50328
50329
50338
50342
50343
50344
50351
50364
50365
50374
50376
50379
50389
50392
50394
50396
50397
50398
50408
50411
50414
50418
50419
50428
50430
50433
50434
50439
50440
50441
50442
50443
50446
50448
50462
50463
50465
50466
50467
50469
50473
50474
50483
50492
50497
50501
50507
50508
50511
50520
50521
50522
50523
50524
50528
50539
50540
50542
50544
50545
50546
50549
50557
50561
50562
50564
50566
50567
50577
50580
50586
50588
50589
50591
50592
50596
50604
50607
50608
50609
50610
50611
50612
50615
50617
50618
50621
50622
50627
50635
50637
50638
50639
50640
50641
50647
50649
50652
50657
50660
50664
50666
50670
50671
50674
50675
50676
50678
50682
50683
50685
50689
50691
50698
50700
50702
50704
50708
50733
50739
50741
50743
50751
50753
50757
50758
50761
50762
50799
50802
50813
50816
50823
50826
50827
50831
50839
50847
50850
50851
50852
50853
50860
50863
50874
50880
50893
50896
50903
50907
50914
50915
50918
50924
50931
50940
50942
50946
50949
50956
50958
50959
50961
50963
50964
50966
50971
50981
50983
50984
50986
50988
50989
50990
51005
51007
51008
51015
51017
51022
51023
51034
51035
51046
51059
51064
51065
51068
51070
51071
51073
51084
51086
51088
51089
51097
51109
51111
51112
51114
51123
51134
51148
51172
51176
51199
51215
51216
51267
51282
51313
51315
51316
51320
51321
51324
51332
51336
51338
51340
51342
51343
51345
51347
51350
51352
51355
51357
51359
51368
51373
51375
51377
51378
51380
51383
51386
51387
51388
51392
51403
51405
51406
51410
51414
51415
51422
51429
51430
51431
51436
51438
51439
51442
51451
51453
51458
51469
51471
51472
51476
51483
51496
51504
51505
51508
51511
51514
51517
51522
51524
51525
51530
51537
51540
51541
51542
51547
51549
51551
51561
51562
51563
51565
51566
51567
51573
51580
51592
51594
51596
51597
51598
51602
51604
51609
51615
51616
51620
51623
51631
51633
51635
51642
51643
51644
51648
51650
51655
51659
51660
51662
51665
51666
51672
51674
51675
51680
51685
51687
51689
51693
51694
51695
51698
51700
51705
51712
51714
51721
51726
51728
51729
51733
51734
51735
51736
51737
51739
51742
51747
51754
51757
51759
51760
51766
51768
51775
51779
51781
51782
51789
51790
51791
51806
51809
51821
51830
51831
51834
51837
51839
51851
51854
51855
51857
51858
51860
51861
51863
51864
51871
51874
51881
51890
51892
51894
51899
51905
51906
51914
51925
51927
51930
51934
51935
51941
51945
51950
51953
51954
51959
51960
51962
51963
51967
51971
51972
51973
51978
51981
51987
51991
52004
52009
52012
52022
52026
52027
52028
52033
52036
52040
52041
52052
52055
52056
52058
52060
52062
52072
52076
52078
52083
52084
52091
52097
52098
52103
52104
52105
52106
52107
52108
52114
52115
52118
52124
52125
52131
52132
52135
52137
52138
52139
52149
52150
52151
52153
52156
52159
52161
52166
52167
52168
52170
52171
52175
52177
52179
52181
52182
52183
52185
52186
52187
52190
52191
52192
52193
52194
52198
52200
52202
52204
52211
52214
52220
52226
52229
52238
52243
52245
52247
52249
52251
52256
52263
52266
52267
52268
52269
52270
52274
52275
52277
52285
52288
52289
52293
52302
52313
52314
52320
52321
52331
52333
52336
52339
52340
52342
52345
52351
52357
52359
52362
52364
52368
52370
52371
52375
52376
52378
52379
52380
52383
52386
52387
52388
52394
52400
52401
52402
52405
52407
52410
52411
52415
52417
52418
52420
52421
52424
52425
52426
52438
52440
52441
52442
52448
52451
52456
52459
52467
52469
52471
52476
52479
52486
52489
52490
52493
52495
52496
52499
52506
52507
52509
52515
52520
52524
52526
52531
52535
52536
52537
52539
52541
52545
52550
52551
52555
52566
52574
52581
52583
52585
52586
52592
52593
52594
52598
52601
52602
52603
52604
52605
52611
52613
52617
52618
52621
52624
52630
52631
52637
52638
52639
52641
52642
52650
52659
52668
52669
52683
52686
52689
52691
52692
52694
52695
52696
52697
52698
52699
52702
52705
52708
52709
52713
52715
52721
52729
52737
52742
52743
52747
52749
52751
52753
52755
52756
52757
52758
52760
52762
52766
52767
52770
52775
52776
52777
52778
52786
52787
52789
52790
52792
52794
52797
52798
52809
52818
52820
52833
52834
52837
52840
52852
52855
52870
52873
52874
52876
52883
52884
52885
52887
52889
52890
52893
52898
52899
52906
52908
52916
52917
52926
52927
52939
52940
52947
52954
52955
52956
52957
52958
52959
52961
52968
52970
52981
52983
52988
52990
52991
52993
53001
53002
53003
53006
53011
53012
53029
53032
53033
53039
53048
53050
53057
53058
53061
53062
53063
53074
53078
53081
53082
53084
53092
53093
53096
53104
53105
53106
53111
53112
53119
53120
53126
53139
53142
53145
53152
53154
53155
53156
53158
53161
53164
53167
53169
53170
53174
53177
53178
53182
53184
53186
53188
53189
53191
53195
53197
53198
53199
53200
53201
53204
53205
53209
53210
53211
53213
53214
53216
53217
53221
53222
53227
53233
53242
53243
53244
53245
53247
53248
53256
53264
53268
53269
53270
53271
53274
53275
53281
53289
53292
53294
53295
53296
53299
53308
53317
53323
53328
53329
53334
53335
53339
53341
53349
53351
53357
53359
53360
53361
53364
53367
53369
53370
53376
53377
53380
53387
53390
53396
53399
53411
53412
53413
53415
53416
53420
53421
53422
53426
53429
53437
53439
53442
53445
53451
53452
53456
53461
53463
53465
53466
53467
53470
53471
53496
53502
53508
53514
53518
53520
53521
53522
53528
53529
53535
53538
53542
53546
53549
53551
53557
53558
53561
53569
53570
53574
53575
53585
53593
53594
53599
53603
53604
53607
53608
53616
53618
53621
53627
53628
53639
53644
53651
53659
53666
53670
53672
53673
53675
53678
53681
53686
53687
53692
53695
53698
53701
53714
53718
53722
53726
53729
53730
53732
53734
53739
53743
53744
53745
53748
53750
53752
53754
53755
53759
53760
53764
53774
53794
53798
53817
53819
53822
53833
53835
53836
53841
53849
53851
53852
53853
53862
53864
53865
53868
53885
53896
53899
53900
53904
53905
53908
53912
53915
53916
53923
53924
53925
53927
53928
53935
53938
53941
53957
53963
53965
53968
53970
53976
53982
53987
53988
53992
53993
53996
54004
54005
54010
54013
54014
54016
54023
54028
54029
54030
54031
54037
54041
54049
54052
54057
54059
54069
54072
54074
54076
54078
54079
54083
54084
54085
54086
54095
54098
54102
54103
54108
54119
54123
54128
54132
54141
54144
54145
54148
54149
54154
54157
54158
54160
54162
54165
54169
54171
54175
54184
54185
54190
54192
54195
54202
54203
54207
54208
54212
54213
54215
54219
54220
54225
54228
54229
54233
54237
54239
54240
54243
54245
54250
54252
54253
54254
54256
54257
54258
54263
54267
54268
54269
54270
54275
54280
54281
54286
54287
54289
54297
54298
54321
54324
54325
54331
54332
54336
54346
54355
54366
54369
54388
54392
54394
54399
54411
54415
54418
54422
54423
54426
54428
54429
54449
54454
54456
54462
54463
54477
54478
54480
54481
54492
54502
54509
54538
54549
54557
54558
54563
54565
54583
54584
54589
54595
54611
54620
54621
54622
54623
54629
54631
54636
54637
54654
54655
54661
54662
54674
54681
54683
54687
54688
54692
54694
54697
54702
54703
54707
54709
54714
54723
54726
54732
54736
54742
54747
54756
54769
54770
54794
54797
54798
54805
54806
54815
54824
54832
54833
54853
54857
54866
54868
54895
54911
54946
54957
54967
54975
54985
55004
55006
55010
55011
55013
55028
55040
55057
55059
55066
55073
55085
55134
55135
55148
55164
55216
55238
55245
55280
55283
55288
55298
55299
55315
55321
55341
55349
55354
55365
55372
55374
55376
55378
55387
55396
55400
55408
55409
55415
55417
55420
55460
55461
55464
55474
55475
55480
55481
55484
55490
55509
55515
55519
55521
55525
55527
55536
55538
55539
55541
55552
55570
55571
55582
55584
55588
55611
55616
55623
55626
55628
55631
55637
55645
55652
55679
55683
55686
55692
55698
55699
55700
55702
55709
55713
55726
55730
55734
55737
55738
55745
55753
55757
55770
55785
55806
55810
55813
55814
55816
55820
55821
55823
55828
55846
55865
55868
55869
55875
55881
55893
55896
55910
55933
55951
55952
55966
55969
55975
55981
55982
55984
55985
55992
55993
55998
56030
56034
56037
56038
56040
56098
56123
56129
56132
56136
56150
56155
56161
56201
56216
56218
56234
56236
56239
56260
56264
56274
56275
56298
56335
56348
56352
56389
56391
56396
56405
56412
56424
56425
56429
56434
56435
56437
56443
56449
56474
56496
56497
56498
56502
56520
56522
56529
56530
56532
56542
56560
56575
56577
56593
56594
56610
56615
56616
56623
56624
56626
56628
56639
56640
56666
56676
56680
56701
56703
56706
56707
56711
56713
56716
56720
56745
56747
56752
56756
56768
56775
56776
56778
56782
56787
56794
56799
56800
56801
56809
56812
56814
56833
56839
56844
56845
56850
56852
56863
56865
56866
56874
56875
56879
56894
56895
56899
56901
56906
56910
56920
56924
56927
56934
56939
56942
56943
56946
56954
56955
56956
56959
56960
56962
56965
56966
56967
56970
56979
56980
56984
56986
57001
57011
57012
57013
57022
57023
57032
57033
57035
57036
57047
57051
57054
57065
57070
57077
57083
57085
57086
57087
57092
57093
57094
57098
57101
57102
57103
57105
57108
57110
57121
57124
57125
57135
57136
57139
57144
57155
57157
57159
57163
57165
57167
57173
57174
57190
57193
57195
57197
57200
57205
57209
57210
57211
57214
57224
57225
57231
57238
57244
57253
57254
57257
57264
57266
57269
57278
57279
57280
57283
57287
57291
57293
57294
57296
57299
57301
57314
57322
57323
57325
57326
57327
57328
57337
57343
57344
57349
57352
57353
57360
57361
57363
57365
57372
57374
57375
57376
57377
57380
57382
57402
57405
57413
57417
57418
57419
57421
57424
57432
57433
57434
57435
57437
57440
57445
57449
57465
57475
57480
57486
57487
57488
57489
57496
57513
57517
57519
57525
57532
57537
57542
57548
57554
57566
57569
57574
57581
57589
57591
57593
57598
57599
57601
57602
57603
57607
57623
57637
57656
57659
57666
57668
57672
57685
57688
57693
57703
57708
57711
57712
57713
57714
57717
57718
57719
57729
57742
57750
57755
57757
57770
57771
57776
57779
57780
57781
57782
57785
57790
57791
57813
57816
57818
57822
57824
57826
57828
57829
57834
57845
57848
57852
57855
57857
57858
57861
57863
57871
57872
57876
57905
57906
57911
57913
57922
57924
57925
57927
57928
57932
57933
57938
57939
57940
57950
57957
57958
57960
57962
57964
57975
57987
57993
57994
57998
58002
58006
58021
58028
58030
58039
58041
58042
58043
58044
58045
58055
58060
58063
58069
58076
58081
58092
58095
58100
58103
58111
58112
58114
58119
58122
58125
58128
58137
58143
58148
58150
58151
58154
58155
58156
58163
58164
58167
58171
58172
58175
58178
58180
58184
58188
58192
58199
58203
58209
58210
58213
58219
58220
58223
58242
58244
58269
58272
58280
58281
58283
58285
58286
58303
58309
58314
58320
58329
58336
58339
58341
58345
58349
58351
58357
58361
58366
58373
58378
58383
58384
58387
58390
58391
58392
58403
58411
58415
58416
58425
58427
58429
58435
58439
58447
58448
58450
58453
58458
58467
58470
58471
58473
58477
58488
58493
58496
58511
58519
58521
58522
58529
58533
58541
58545
58548
58553
58560
58561
58565
58567
58576
58577
58579
58585
58587
58591
58593
58604
58606
58620
58625
58632
58648
58650
58655
58667
58673
58674
58680
58684
58695
58696
58700
58711
58712
58723
58731
58738
58741
58753
58756
58757
58760
58761
58766
58770
58773
58774
58777
58779
58780
58781
58784
58785
58787
58792
58794
58795
58796
58797
58803
58813
58828
58833
58834
58835
58838
58839
58840
58844
58848
58849
58853
58860
58861
58862
58866
58868
58869
58871
58874
58882
58883
58887
58893
58897
58902
58903
58904
58910
58914
58915
58927
58935
58938
58942
58952
58953
58955
58956
58959
58963
58965
58968
58973
58978
58986
58987
58989
58996
58998
59001
59002
59005
59006
59010
59013
59029
59030
59034
59037
59042
59045
59046
59047
59051
59054
59071
59073
59080
59092
59100
59101
59102
59105
59110
59114
59120
59121
59128
59129
59136
59138
59143
59144
59145
59147
59149
59159
59162
59167
59177
59179
59182
59186
59187
59188
59191
59196
59199
59203
59205
59212
59214
59216
59218
59223
59230
59231
59233
59239
59241
59252
59254
59257
59258
59265
59268
59270
59282
59283
59284
59290
59295
59300
59308
59309
59310
59323
59324
59326
59327
59331
59334
59335
59336
59337
59338
59344
59346
59347
59349
59350
59356
59367
59373
59374
59380
59381
59382
59385
59389
59390
59396
59397
59405
59408
59413
59415
59418
59420
59422
59423
59428
59432
59440
59447
59448
59449
59451
59456
59457
59461
59465
59468
59470
59474
59483
59488
59496
59508
59509
59515
59529
59537
59549
59554
59561
59564
59565
59566
59567
59568
59570
59572
59576
59581
59585
59594
59597
59601
59605
59607
59608
59610
59611
59618
59620
59624
59625
59626
59628
59632
59633
59636
59640
59643
59645
59646
59653
59654
59657
59659
59663
59664
59674
59676
59682
59683
59684
59685
59687
59692
59694
59696
59698
59703
59704
59706
59707
59708
59709
59712
59715
59716
59719
59721
59722
59723
59726
59728
59730
59734
59737
59738
59740
59743
59750
59751
59760
59761
59764
59765
59767
59768
59769
59774
59778
59784
59785
59786
59787
59790
59791
59793
59794
59800
59802
59803
59807
59813
59814
59821
59825
59830
59857
59860
59864
59866
59868
59877
59881
59884
59886
59888
59889
59891
59897
59899
59900
59901
59904
59905
59911
59912
59916
59919
59920
59922
59931
59932
59933
59934
59938
59942
59947
59948
59949
59950
59951
59953
59954
59956
59973
59974
59975
59977
59978
59986
59989
59995
59996
59997
60002
60007
60013
60019
60023
60024
60037
60051
60053
60056
60057
60064
60073
60077
60081
60087
60088
60090
60091
60094
60097
60099
60100
60103
60114
60115
60118
60119
60120
60121
60130
60131
60132
60133
60135
60139
60151
60152
60156
60165
60167
60169
60170
60171
60177
60179
60180
60183
60185
60198
60212
60227
60236
60237
60238
60244
60245
60247
60251
60254
60255
60256
60260
60261
60262
60264
60265
60268
60275
60277
60280
60282
60289
60292
60293
60301
60303
60305
60309
60311
60313
60321
60332
60333
60343
60349
60364
60365
60374
60376
60380
60390
60409
60410
60415
60423
60429
60436
60442
60444
60454
60458
60463
60465
60466
60467
60474
60477
60479
60493
60504
60511
60513
60516
60526
60533
60537
60546
60547
60552
60554
60555
60556
60561
60565
60572
60577
60584
60594
60600
60601
60603
60608
60618
60620
60623
60629
60631
60639
60655
60668
60681
60687
60689
60690
60693
60694
60695
60704
60709
60713
60715
60727
60744
60748
60751
60752
60753
60757
60758
60768
60770
60773
60787
60791
60801
60806
60809
60810
60813
60821
60822
60823
60824
60825
60828
60829
60830
60836
60842
60844
60845
60848
60855
60859
60860
60864
60868
60869
60870
60879
60881
60883
60887
60888
60890
60891
60898
60902
60909
60911
60912
60913
60914
60915
60921
60923
60928
60937
60939
60941
60942
60948
60950
60952
60953
60955
60959
60961
60963
60970
60971
60980
60981
60984
60993
61007
61010
61015
61021
61024
61029
61037
61038
61039
61041
61044
61045
61051
61070
61077
61078
61083
61086
61091
61092
61098
61100
61102
61104
61108
61112
61120
61121
61126
61133
61139
61142
61147
61151
61156
61158
61160
61165
61166
61169
61183
