2
6
12
16
23
25
27
29
30
31
33
42
48
49
51
52
60
72
73
81
83
84
87
99
100
101
104
116
122
131
132
139
142
143
144
160
233
235
239
245
251
279
281
289
295
297
299
301
304
306
307
309
310
312
314
319
340
355
365
368
388
389
391
393
397
400
416
420
425
428
438
451
456
458
466
467
469
473
474
477
486
491
492
498
527
531
536
551
563
575
578
584
592
623
644
652
663
683
692
695
706
722
728
745
746
748
749
754
766
767
782
789
792
813
823
825
826
834
838
840
841
850
864
877
886
888
905
907
912
921
922
930
931
939
942
966
967
969
977
978
985
988
992
995
1003
1015
1016
1017
1018
1020
1025
1028
1032
1033
1034
1036
1040
1041
1065
1077
1079
1081
1099
1101
1130
1135
1137
1153
1154
1157
1181
1211
1217
1235
1242
1262
1268
1280
1297
1302
1329
1349
1358
1367
1370
1380
1389
1413
1432
1437
1439
1450
1452
1469
1470
1505
1511
1545
1547
1548
1559
1576
1595
1628
1646
1651
1665
1714
1826
1870
1894
1901
1904
1910
1915
1982
2081
2090
2114
2210
2234
2254
2260
2379
2471
2487
2562
2592
2600
2606
2717
2747
2758
2778
2803
2805
2846
2854
2983
3002
3055
3061
3096
3132
3143
3267
3285
3342
3401
3448
3472
3573
3634
3662
3688
3816
3884
3885
3889
3903
3926
3927
4083
4145
4335
4524
4651
4725
4746
4834
5072
5127
5186
5386
5402
5781
6454
6923
7063
7122
7150
7157
7218
7645
7747
7862
8321
8363
8690
9000
9992
10441
10536
10551
11979
13205
13603
15040
15937
16881
20928
21875
22233
30324
31927
32561
33251
38938
38951
